Sample 1.......... 
P star:3.744474e-044 
 1   1   1   1   1   1   1   1   1   1   2   2   3   3   3   3   3   3   3   3   3   3   3   3   3   3   3   4   4   4   4   5   5   5   5   5   5   5   5   5   5   5   5   5   5   5   5   5   5   5   5   5   5   5   5   5   5   5   5   5  
Converged A matrix ......... 
0.884939 0.115061 0.000000 0.000000 0.000000 
0.000000 0.795988 0.204012 0.000000 0.000000 
0.000000 0.000000 0.927153 0.072847 0.000000 
0.000000 0.000000 0.000000 0.728257 0.271743 
0.000000 0.000000 0.000000 0.000000 1.000000 
Converged B matrix ......... 
1.000000e-030 1.000000e-030 5.397566e-001 1.000000e-030 1.000000e-030 1.000000e-030 1.000000e-030 1.000000e-030 1.000000e-030 3.451826e-001 1.000000e-030 3.811482e-087 1.000000e-030 1.000000e-030 1.000000e-030 1.000000e-030 1.000000e-030 1.000000e-030 1.000000e-030 1.000000e-030 1.000000e-030 1.000000e-030 1.000000e-030 1.000000e-030 1.000000e-030 1.456588e-284 1.000000e-030 1.150609e-001 1.000000e-030 1.000000e-030 1.000000e-030 1.000000e-030 
1.000000e-030 1.017582e-280 5.144961e-001 1.000000e-030 1.000000e-030 1.000000e-030 1.000000e-030 1.000000e-030 1.000000e-030 5.334085e-024 1.000000e-030 2.814918e-001 1.000000e-030 1.000000e-030 1.000000e-030 1.000000e-030 1.000000e-030 1.000000e-030 1.000000e-030 1.000000e-030 1.000000e-030 1.000000e-030 1.000000e-030 1.000000e-030 1.000000e-030 2.040121e-001 1.000000e-030 4.941933e-196 1.000000e-030 1.000000e-030 1.000000e-030 1.000000e-030 
1.000000e-030 1.000000e-030 4.944075e-001 1.000000e-030 1.000000e-030 1.000000e-030 1.000000e-030 1.000000e-030 1.000000e-030 1.690216e-001 1.000000e-030 3.365708e-001 1.000000e-030 1.000000e-030 1.000000e-030 1.000000e-030 1.000000e-030 1.000000e-030 1.000000e-030 1.000000e-030 1.000000e-030 1.000000e-030 1.000000e-030 1.000000e-030 1.000000e-030 3.255571e-043 1.000000e-030 2.333076e-103 1.000000e-030 1.000000e-030 1.000000e-030 1.000000e-030 
1.000000e-030 2.717433e-001 4.350869e-005 5.824526e-029 1.000000e-030 1.000000e-030 1.000000e-030 1.000000e-030 1.000000e-030 4.564699e-001 1.352512e-249 6.548564e-291 1.000000e-030 1.000000e-030 1.000000e-030 1.000000e-030 1.000000e-030 1.000000e-030 1.000000e-030 1.000000e-030 1.000000e-030 1.000000e-030 1.000000e-030 1.000000e-030 1.000000e-030 1.000000e-030 1.000000e-030 2.717433e-001 1.000000e-030 1.000000e-030 1.000000e-030 1.000000e-030 
1.000000e-030 8.324982e-224 3.448276e-002 3.448276e-001 3.448276e-002 1.000000e-030 1.000000e-030 1.000000e-030 1.000000e-030 1.486831e-098 3.448276e-002 1.724138e-001 6.896552e-002 1.000000e-030 3.448276e-002 1.000000e-030 3.448276e-002 1.000000e-030 1.000000e-030 1.379310e-001 1.000000e-030 1.000000e-030 1.000000e-030 3.448276e-002 1.000000e-030 1.000000e-030 1.000000e-030 6.896552e-002 1.000000e-030 1.000000e-030 1.000000e-030 1.000000e-030 
                             **************************************************************
Sample 2.......... 
P star:2.405961e-036 
 1   2   2   2   2   2   2   2   2   2   2   2   2   2   2   2   2   2   2   2   3   3   3   3   3   3   4   4   4   4   4   4   4   4   5   5   5   5   5   5   5   5   5   5   5   5   5   5   5   5   5   5   5   5   5   5   5   5   5   5  
Converged A matrix ......... 
0.000000 1.000000 0.000000 0.000000 0.000000 
0.000000 0.945179 0.054821 0.000000 0.000000 
0.000000 0.000000 0.852043 0.147957 0.000000 
0.000000 0.000000 0.000000 0.875000 0.125000 
0.000000 0.000000 0.000000 0.000000 1.000000 
Converged B matrix ......... 
1.000000e-030 1.000000e-030 1.000000e-030 1.000000e-030 1.000000e-030 1.000000e-030 1.000000e-030 1.000000e-030 1.000000e-030 1.000000e-030 1.000000e-030 1.000000e-030 1.000000e-030 1.000000e-030 1.000000e-030 1.000000e-030 1.000000e-030 1.000000e-030 1.000000e-030 1.000000e-030 1.000000e-030 1.000000e-030 1.000000e-030 1.000000e-030 1.000000e-030 1.000000e-030 1.000000e-030 1.000000e+000 1.000000e-030 1.000000e-030 1.000000e-030 1.000000e-030 
1.000000e-030 1.000000e-030 2.741034e-001 1.000000e-030 5.141152e-240 1.000000e-030 1.000000e-030 1.000000e-030 1.000000e-030 1.000000e-030 1.000000e-030 7.258966e-001 1.000000e-030 1.000000e-030 1.000000e-030 1.000000e-030 1.000000e-030 1.000000e-030 1.000000e-030 1.000000e-030 1.000000e-030 1.000000e-030 1.000000e-030 1.000000e-030 1.000000e-030 1.000000e-030 1.000000e-030 1.000000e-030 1.000000e-030 1.000000e-030 1.000000e-030 5.975600e-013 
1.000000e-030 1.000000e-030 8.374146e-071 1.000000e-030 2.959145e-001 1.000000e-030 1.000000e-030 1.000000e-030 1.000000e-030 1.000000e-030 1.000000e-030 5.561282e-001 1.000000e-030 1.000000e-030 1.000000e-030 3.956646e-258 7.705672e-288 1.000000e-030 1.000000e-030 1.000000e-030 1.000000e-030 1.000000e-030 1.000000e-030 1.000000e-030 2.201207e-010 1.000000e-030 1.000000e-030 1.000000e-030 1.000000e-030 1.000000e-030 1.000000e-030 1.479573e-001 
1.000000e-030 1.000000e-030 1.437544e-287 1.000000e-030 2.625954e-034 1.000000e-030 1.000000e-030 1.000000e-030 1.000000e-030 1.000000e-030 1.000000e-030 1.692294e-317 1.000000e-030 1.028198e-042 1.000000e-030 1.250000e-001 5.000000e-001 1.000000e-030 1.000000e-030 1.250000e-001 1.000000e-030 1.000000e-030 1.000000e-030 1.250000e-001 1.250000e-001 1.000000e-030 1.000000e-030 1.000000e-030 1.000000e-030 1.000000e-030 1.000000e-030 1.000000e-030 
1.000000e-030 3.846154e-002 4.230769e-001 1.923077e-001 1.153846e-001 7.692308e-002 1.000000e-030 7.692308e-002 1.000000e-030 1.000000e-030 1.000000e-030 3.846154e-002 1.000000e-030 3.846154e-002 1.000000e-030 1.000000e-030 4.588829e-278 1.000000e-030 1.000000e-030 1.000000e-030 1.000000e-030 1.000000e-030 1.000000e-030 8.815790e-038 1.000000e-030 1.000000e-030 1.000000e-030 1.000000e-030 1.000000e-030 1.000000e-030 1.000000e-030 1.000000e-030 
                             **************************************************************
Sample 3.......... 
P star:1.340030e-033 
 1   1   1   2   2   2   2   2   2   2   2   2   2   3   3   3   4   4   4   4   4   4   4   4   4   4   4   5   5   5   5   5   5   5   5   5   5   5   5   5   5   5   5   5   5   5   5   5   5   5   5   5   5   5   5   5   5   5   5   5  
Converged A matrix ......... 
0.666667 0.333333 0.000000 0.000000 0.000000 
0.000000 0.897454 0.102546 0.000000 0.000000 
0.000000 0.000000 0.692142 0.307858 0.000000 
0.000000 0.000000 0.000000 0.909091 0.090909 
0.000000 0.000000 0.000000 0.000000 1.000000 
Converged B matrix ......... 
1.000000e-030 1.000000e-030 6.236878e-056 1.000000e-030 1.000000e-030 1.000000e-030 1.000000e-030 1.000000e-030 1.000000e-030 1.000000e-030 1.000000e-030 6.666667e-001 1.000000e-030 1.000000e-030 1.000000e-030 1.000000e-030 1.000000e-030 1.000000e-030 1.000000e-030 1.000000e-030 1.000000e-030 1.000000e-030 1.000000e-030 1.000000e-030 1.000000e-030 3.333333e-001 1.000000e-030 1.000000e-030 1.000000e-030 1.000000e-030 1.000000e-030 1.000000e-030 
1.000000e-030 1.000000e-030 8.974543e-001 1.000000e-030 4.905421e-269 1.000000e-030 1.000000e-030 1.000000e-030 1.000000e-030 1.025457e-001 1.000000e-030 6.337477e-069 1.000000e-030 1.000000e-030 1.000000e-030 1.000000e-030 1.000000e-030 1.000000e-030 1.000000e-030 1.000000e-030 1.000000e-030 1.000000e-030 1.000000e-030 1.000000e-030 1.000000e-030 3.121958e-039 1.000000e-030 3.735456e-081 1.000000e-030 1.000000e-030 1.000000e-030 1.000000e-030 
1.000000e-030 1.000000e-030 3.842846e-001 1.000000e-030 1.565404e-080 1.000000e-030 1.000000e-030 1.000000e-030 1.000000e-030 1.682424e-007 1.000000e-030 3.738299e-051 1.000000e-030 1.000000e-030 1.000000e-030 1.000000e-030 1.000000e-030 1.000000e-030 1.000000e-030 1.000000e-030 1.000000e-030 1.000000e-030 1.000000e-030 1.000000e-030 1.000000e-030 1.002563e-070 1.000000e-030 6.157153e-001 1.000000e-030 1.000000e-030 1.000000e-030 1.000000e-030 
1.000000e-030 1.000000e-030 1.857187e-052 1.000000e-030 1.818174e-001 1.000000e-030 1.149312e-268 5.872428e-235 1.000000e-030 1.000000e-030 1.000000e-030 7.272714e-001 1.000000e-030 1.000000e-030 1.000000e-030 1.000000e-030 1.000000e-030 1.000000e-030 1.000000e-030 1.000000e-030 1.000000e-030 1.000000e-030 1.000000e-030 1.000000e-030 1.000000e-030 1.000000e-030 1.000000e-030 9.583187e-218 1.000000e-030 2.418244e-006 1.000000e-030 9.090872e-002 
1.000000e-030 1.000000e-030 2.727276e-001 1.000000e-030 6.060614e-002 1.000000e-030 3.030307e-002 6.060614e-002 1.000000e-030 1.000000e-030 1.000000e-030 3.333332e-001 1.000000e-030 1.000000e-030 1.000000e-030 1.000000e-030 1.000000e-030 1.000000e-030 1.000000e-030 1.000000e-030 1.000000e-030 1.000000e-030 1.000000e-030 1.000000e-030 1.000000e-030 1.000000e-030 1.000000e-030 1.000000e-030 1.000000e-030 2.424238e-001 1.000000e-030 1.873680e-017 
                             **************************************************************
Sample 4.......... 
P star:1.400144e-032 
 1   1   1   1   1   1   1   2   2   2   2   2   2   2   2   2   2   3   3   3   3   3   3   3   3   3   3   3   3   3   3   3   3   4   4   4   4   4   5   5   5   5   5   5   5   5   5   5   5   5   5   5   5   5   5   5   5   5   5   5  
Converged A matrix ......... 
0.882270 0.117730 0.000000 0.000000 0.000000 
0.000000 0.875278 0.124722 0.000000 0.000000 
0.000000 0.000000 0.939350 0.060650 0.000000 
0.000000 0.000000 0.000000 0.784956 0.215044 
0.000000 0.000000 0.000000 0.000000 1.000000 
Converged B matrix ......... 
1.000000e-030 7.350467e-176 6.733912e-001 1.000000e-030 1.000000e-030 1.000000e-030 1.000000e-030 1.000000e-030 1.000000e-030 3.266088e-001 1.000000e-030 1.000000e-030 1.000000e-030 1.000000e-030 1.000000e-030 1.000000e-030 1.000000e-030 1.000000e-030 1.000000e-030 1.000000e-030 1.000000e-030 1.000000e-030 1.000000e-030 1.000000e-030 1.000000e-030 1.000000e-030 1.000000e-030 1.000000e-030 1.000000e-030 1.000000e-030 1.000000e-030 1.000000e-030 
1.000000e-030 2.005461e-013 9.292994e-001 1.000000e-030 1.000000e-030 1.000000e-030 1.000000e-030 1.000000e-030 1.000000e-030 7.070064e-002 1.000000e-030 8.443944e-196 1.000000e-030 1.000000e-030 1.000000e-030 1.000000e-030 1.000000e-030 1.000000e-030 1.000000e-030 1.000000e-030 1.000000e-030 1.000000e-030 1.000000e-030 1.000000e-030 1.000000e-030 1.000000e-030 1.000000e-030 1.000000e-030 1.000000e-030 1.000000e-030 1.000000e-030 1.000000e-030 
1.000000e-030 1.212992e-001 6.567918e-001 1.000000e-030 4.106095e-196 1.000000e-030 1.000000e-030 1.000000e-030 1.000000e-030 2.219090e-001 1.000000e-030 1.575061e-149 1.000000e-030 1.000000e-030 1.000000e-030 1.000000e-030 1.000000e-030 1.000000e-030 1.000000e-030 1.000000e-030 1.000000e-030 1.000000e-030 1.000000e-030 1.000000e-030 1.000000e-030 1.000000e-030 1.000000e-030 1.000000e-030 1.000000e-030 1.000000e-030 1.000000e-030 1.000000e-030 
1.000000e-030 1.000000e-030 2.421031e-183 1.000000e-030 3.548563e-001 1.000000e-030 1.000000e-030 1.000000e-030 1.000000e-030 1.220110e-005 1.000000e-030 4.300877e-001 1.000000e-030 1.000000e-030 2.150438e-001 1.000000e-030 1.000000e-030 1.000000e-030 1.000000e-030 1.000000e-030 1.000000e-030 1.000000e-030 1.000000e-030 5.025633e-191 1.000000e-030 1.000000e-030 1.000000e-030 1.000000e-030 1.000000e-030 1.000000e-030 1.000000e-030 1.000000e-030 
1.000000e-030 4.474305e-002 4.026874e-001 4.474305e-002 1.498821e-001 4.474305e-002 1.000000e-030 1.000000e-030 1.000000e-030 1.000000e-030 1.000000e-030 1.000000e-030 1.000000e-030 8.948609e-002 2.914600e-036 1.000000e-030 1.000000e-030 1.000000e-030 1.000000e-030 1.000000e-030 1.000000e-030 1.000000e-030 1.000000e-030 2.237152e-001 1.000000e-030 1.000000e-030 1.000000e-030 1.000000e-030 1.000000e-030 1.000000e-030 1.000000e-030 1.000000e-030 
                             **************************************************************
Sample 5.......... 
P star:4.965807e-040 
 1   1   1   1   1   1   1   2   3   3   3   3   3   3   3   3   3   3   3   3   3   4   4   4   4   4   4   5   5   5   5   5   5   5   5   5   5   5   5   5   5   5   5   5   5   5   5   5   5   5   5   5   5   5   5   5   5   5   5   5  
Converged A matrix ......... 
0.857143 0.142857 0.000000 0.000000 0.000000 
0.000000 0.000000 1.000000 0.000000 0.000000 
0.000000 0.000000 0.930586 0.069414 0.000000 
0.000000 0.000000 0.000000 0.790645 0.209355 
0.000000 0.000000 0.000000 0.000000 1.000000 
Converged B matrix ......... 
1.000000e-030 1.000000e-030 8.571429e-001 1.000000e-030 1.000000e-030 1.428571e-001 1.000000e-030 1.000000e-030 1.000000e-030 1.000000e-030 1.000000e-030 1.000000e-030 1.000000e-030 1.000000e-030 1.000000e-030 1.000000e-030 1.000000e-030 1.000000e-030 1.000000e-030 1.000000e-030 1.000000e-030 1.000000e-030 1.000000e-030 1.000000e-030 1.000000e-030 1.000000e-030 1.000000e-030 1.000000e-030 1.000000e-030 1.000000e-030 1.000000e-030 1.000000e-030 
1.000000e-030 1.000000e+000 1.000000e-030 1.000000e-030 1.000000e-030 1.000000e-030 1.000000e-030 1.000000e-030 1.000000e-030 1.000000e-030 1.000000e-030 1.000000e-030 1.000000e-030 1.000000e-030 1.000000e-030 1.000000e-030 1.000000e-030 1.000000e-030 1.000000e-030 1.000000e-030 1.000000e-030 1.000000e-030 1.000000e-030 1.000000e-030 1.000000e-030 1.000000e-030 1.000000e-030 1.000000e-030 1.000000e-030 1.000000e-030 1.000000e-030 1.000000e-030 
1.000000e-030 1.000000e-030 5.141038e-001 1.000000e-030 1.000000e-030 1.000000e-030 1.000000e-030 1.000000e-030 1.000000e-030 1.000000e-030 1.000000e-030 4.164824e-001 1.000000e-030 1.000000e-030 1.000000e-030 1.000000e-030 1.000000e-030 1.000000e-030 1.000000e-030 1.000000e-030 1.000000e-030 1.000000e-030 1.000000e-030 1.000000e-030 1.000000e-030 6.941374e-002 1.000000e-030 1.000000e-030 1.000000e-030 1.000000e-030 1.000000e-030 1.000000e-030 
1.000000e-030 1.000000e-030 9.204330e-001 1.000000e-030 7.956697e-002 1.000000e-030 1.000000e-030 1.000000e-030 1.000000e-030 1.000000e-030 1.000000e-030 2.057341e-032 1.000000e-030 1.000000e-030 1.000000e-030 1.000000e-030 1.000000e-030 1.000000e-030 1.000000e-030 1.000000e-030 1.000000e-030 1.000000e-030 1.000000e-030 1.000000e-030 1.000000e-030 1.452973e-066 1.000000e-030 1.000000e-030 1.000000e-030 1.000000e-030 1.000000e-030 1.000000e-030 
1.000000e-030 3.047197e-002 1.888379e-001 1.523599e-001 7.983478e-002 3.047197e-002 1.000000e-030 1.000000e-030 1.000000e-030 1.000000e-030 1.000000e-030 2.133038e-001 1.000000e-030 1.000000e-030 3.047197e-002 1.000000e-030 1.000000e-030 1.000000e-030 1.000000e-030 1.000000e-030 1.000000e-030 1.000000e-030 1.000000e-030 3.047197e-002 1.000000e-030 1.810163e-167 1.000000e-030 3.047197e-002 1.000000e-030 2.133038e-001 1.000000e-030 1.000000e-030 
                             **************************************************************
Sample 6.......... 
P star:8.068998e-034 
 1   1   1   1   1   1   2   2   2   2   2   2   3   3   3   3   3   3   3   3   4   4   4   4   4   4   4   4   4   4   4   5   5   5   5   5   5   5   5   5   5   5   5   5   5   5   5   5   5   5   5   5   5   5   5   5   5   5   5   5  
Converged A matrix ......... 
0.839631 0.160369 0.000000 0.000000 0.000000 
0.000000 0.826521 0.173479 0.000000 0.000000 
0.000000 0.000000 0.862111 0.137889 0.000000 
0.000000 0.000000 0.000000 0.914878 0.085122 
0.000000 0.000000 0.000000 0.000000 1.000000 
Converged B matrix ......... 
1.000000e-030 1.014277e-079 8.018451e-001 1.000000e-030 3.850944e-218 1.000000e-030 1.000000e-030 1.000000e-030 1.000000e-030 1.981549e-001 1.000000e-030 1.000000e-030 1.000000e-030 1.000000e-030 1.000000e-030 1.000000e-030 1.000000e-030 1.000000e-030 1.000000e-030 1.000000e-030 1.000000e-030 1.000000e-030 1.000000e-030 1.000000e-030 1.000000e-030 1.000000e-030 1.000000e-030 1.000000e-030 1.000000e-030 1.000000e-030 1.000000e-030 1.000000e-030 
1.000000e-030 3.469583e-001 1.556713e-038 1.000000e-030 2.003640e-188 1.000000e-030 1.000000e-030 1.000000e-030 1.000000e-030 6.530417e-001 1.000000e-030 1.000000e-030 1.000000e-030 1.000000e-030 1.000000e-030 1.000000e-030 1.000000e-030 1.000000e-030 1.000000e-030 1.000000e-030 1.000000e-030 1.000000e-030 1.000000e-030 1.000000e-030 1.000000e-030 1.000000e-030 1.000000e-030 1.000000e-030 1.000000e-030 1.000000e-030 1.000000e-030 1.000000e-030 
1.000000e-030 2.949737e-161 6.894459e-001 1.000000e-030 3.105541e-001 1.000000e-030 1.000000e-030 1.000000e-030 1.000000e-030 8.478303e-067 1.000000e-030 1.989441e-287 1.000000e-030 1.000000e-030 1.000000e-030 1.000000e-030 1.000000e-030 1.000000e-030 1.000000e-030 1.000000e-030 1.000000e-030 1.000000e-030 1.000000e-030 1.000000e-030 1.000000e-030 1.000000e-030 1.000000e-030 6.470924e-012 1.000000e-030 1.000000e-030 1.000000e-030 1.000000e-030 
1.000000e-030 1.000000e-030 4.603588e-088 1.000000e-030 1.487768e-001 1.000000e-030 8.512232e-002 1.000000e-030 1.000000e-030 1.000000e-030 1.000000e-030 1.702446e-001 1.000000e-030 1.000000e-030 1.000000e-030 1.000000e-030 1.000000e-030 1.000000e-030 8.512232e-002 1.000000e-030 1.000000e-030 1.000000e-030 1.000000e-030 4.256116e-001 1.000000e-030 1.000000e-030 1.000000e-030 8.512232e-002 1.000000e-030 1.000000e-030 1.000000e-030 1.000000e-030 
1.000000e-030 6.896552e-002 6.206897e-001 1.034483e-001 1.000000e-030 1.379310e-001 5.696984e-036 1.000000e-030 1.000000e-030 3.448276e-002 1.000000e-030 1.000000e-030 1.000000e-030 1.000000e-030 1.000000e-030 1.000000e-030 1.000000e-030 1.000000e-030 1.000000e-030 1.000000e-030 1.000000e-030 1.000000e-030 1.000000e-030 2.314128e-201 1.000000e-030 3.448276e-002 1.000000e-030 1.000000e-030 1.000000e-030 1.000000e-030 1.000000e-030 1.000000e-030 
                             **************************************************************
Sample 7.......... 
P star:1.888473e-031 
 1   1   1   1   1   1   2   3   3   3   3   3   3   3   3   3   3   3   3   3   4   4   4   4   4   4   5   5   5   5   5   5   5   5   5   5   5   5   5   5   5   5   5   5   5   5   5   5   5   5   5   5   5   5   5   5   5   5   5   5  
Converged A matrix ......... 
0.833333 0.166667 0.000000 0.000000 0.000000 
0.000000 0.000000 1.000000 0.000000 0.000000 
0.000000 0.000000 0.924891 0.075109 0.000000 
0.000000 0.000000 0.000000 0.786250 0.213750 
0.000000 0.000000 0.000000 0.000000 1.000000 
Converged B matrix ......... 
1.000000e-030 1.000000e-030 8.333333e-001 1.000000e-030 1.000000e-030 1.000000e-030 1.000000e-030 1.000000e-030 1.000000e-030 1.000000e-030 1.000000e-030 4.148586e-151 1.000000e-030 1.000000e-030 1.000000e-030 1.000000e-030 1.000000e-030 1.000000e-030 1.000000e-030 1.000000e-030 1.000000e-030 1.000000e-030 1.000000e-030 1.000000e-030 1.000000e-030 1.000000e-030 1.000000e-030 1.666667e-001 1.000000e-030 1.000000e-030 1.000000e-030 1.000000e-030 
1.000000e-030 1.000000e-030 1.208964e-314 1.000000e-030 1.000000e-030 1.000000e-030 1.000000e-030 1.000000e-030 1.000000e-030 1.000000e-030 1.000000e-030 4.112008e-007 1.000000e-030 1.000000e-030 1.000000e-030 1.000000e-030 1.000000e-030 1.000000e-030 1.000000e-030 1.000000e-030 1.000000e-030 1.000000e-030 1.000000e-030 1.000000e-030 1.000000e-030 1.000000e-030 1.000000e-030 9.999996e-001 1.000000e-030 1.000000e-030 1.000000e-030 1.000000e-030 
1.000000e-030 1.000000e-030 7.508985e-001 1.000000e-030 1.197083e-100 1.000000e-030 1.000000e-030 1.000000e-030 1.000000e-030 1.000000e-030 1.000000e-030 2.491015e-001 1.000000e-030 1.000000e-030 1.000000e-030 1.000000e-030 1.000000e-030 1.000000e-030 1.000000e-030 1.000000e-030 1.000000e-030 1.000000e-030 1.000000e-030 1.000000e-030 1.000000e-030 1.000000e-030 1.000000e-030 3.190652e-058 1.000000e-030 1.000000e-030 1.000000e-030 1.000000e-030 
1.000000e-030 1.000000e-030 1.317139e-073 1.000000e-030 3.799365e-001 1.000000e-030 1.000000e-030 1.000000e-030 1.000000e-030 1.000000e-030 1.000000e-030 6.200635e-001 1.000000e-030 1.000000e-030 1.000000e-030 1.000000e-030 1.000000e-030 1.000000e-030 1.000000e-030 1.000000e-030 1.000000e-030 1.000000e-030 1.000000e-030 1.000000e-030 1.000000e-030 1.000000e-030 1.000000e-030 2.108919e-043 1.000000e-030 2.419773e-060 1.000000e-030 1.000000e-030 
1.000000e-030 1.000000e-030 2.000293e-001 1.000000e-030 6.348670e-002 1.000000e-030 1.000000e-030 1.000000e-030 1.000000e-030 1.000000e-030 1.000000e-030 4.222672e-001 1.000000e-030 1.000000e-030 2.856517e-002 1.000000e-030 1.000000e-030 1.000000e-030 1.000000e-030 1.000000e-030 1.000000e-030 1.000000e-030 1.000000e-030 1.000000e-030 1.000000e-030 1.000000e-030 1.000000e-030 1.000000e-030 1.000000e-030 2.570865e-001 1.000000e-030 2.856517e-002 
                             **************************************************************
Sample 8.......... 
P star:1.139244e-032 
 1   1   1   2   2   2   2   2   2   2   2   2   2   2   3   3   3   3   3   3   3   4   4   4   4   4   4   4   5   5   5   5   5   5   5   5   5   5   5   5   5   5   5   5   5   5   5   5   5   5   5   5   5   5   5   5   5   5   5   5  
Converged A matrix ......... 
0.825553 0.174447 0.000000 0.000000 0.000000 
0.000000 0.868232 0.131768 0.000000 0.000000 
0.000000 0.000000 0.869767 0.130233 0.000000 
0.000000 0.000000 0.000000 0.857142 0.142858 
0.000000 0.000000 0.000000 0.000000 1.000000 
Converged B matrix ......... 
1.000000e-030 1.000000e-030 5.275915e-001 1.000000e-030 1.000000e-030 1.000000e-030 1.000000e-030 1.000000e-030 1.000000e-030 2.979612e-001 1.000000e-030 1.486156e-233 1.000000e-030 1.000000e-030 1.000000e-030 1.000000e-030 1.000000e-030 1.000000e-030 1.000000e-030 1.000000e-030 1.000000e-030 1.000000e-030 1.000000e-030 1.000000e-030 1.000000e-030 1.000000e-030 1.000000e-030 1.744473e-001 1.000000e-030 1.000000e-030 1.000000e-030 1.000000e-030 
1.000000e-030 1.000000e-030 5.662234e-001 1.000000e-030 1.000000e-030 1.000000e-030 1.000000e-030 1.000000e-030 1.000000e-030 4.337766e-001 1.000000e-030 4.217796e-047 1.000000e-030 1.000000e-030 1.000000e-030 1.000000e-030 1.000000e-030 1.000000e-030 1.000000e-030 1.000000e-030 1.000000e-030 1.000000e-030 1.000000e-030 1.000000e-030 1.000000e-030 1.000000e-030 1.000000e-030 5.973880e-047 1.000000e-030 1.000000e-030 1.000000e-030 1.000000e-030 
1.000000e-030 1.000000e-030 3.488316e-001 1.000000e-030 3.045199e-006 1.000000e-030 1.000000e-030 1.000000e-030 1.000000e-030 9.796883e-106 1.302331e-001 5.209322e-001 1.000000e-030 1.000000e-030 1.000000e-030 1.000000e-030 1.000000e-030 1.000000e-030 1.000000e-030 1.000000e-030 1.000000e-030 1.000000e-030 1.000000e-030 8.765367e-078 1.000000e-030 1.000000e-030 1.000000e-030 1.000000e-030 1.000000e-030 1.000000e-030 1.000000e-030 1.000000e-030 
1.000000e-030 1.000000e-030 5.602931e-073 1.000000e-030 1.428543e-001 1.000000e-030 1.428576e-001 1.000000e-030 1.000000e-030 1.000000e-030 9.539803e-141 1.341998e-056 1.000000e-030 1.000000e-030 1.000000e-030 1.000000e-030 1.000000e-030 1.000000e-030 1.000000e-030 1.000000e-030 1.000000e-030 1.000000e-030 1.000000e-030 7.142881e-001 1.000000e-030 1.000000e-030 1.000000e-030 1.000000e-030 1.000000e-030 1.000000e-030 1.000000e-030 1.000000e-030 
1.000000e-030 3.125000e-002 6.562500e-001 6.250000e-002 1.000000e-030 9.375000e-002 5.053188e-060 1.000000e-030 1.000000e-030 9.375000e-002 1.000000e-030 1.000000e-030 1.000000e-030 3.125000e-002 1.000000e-030 1.000000e-030 1.000000e-030 1.000000e-030 1.000000e-030 1.000000e-030 1.000000e-030 1.000000e-030 1.000000e-030 2.669220e-148 1.000000e-030 3.125000e-002 1.000000e-030 1.000000e-030 1.000000e-030 1.000000e-030 1.000000e-030 1.000000e-030 
                             **************************************************************
Sample 9.......... 
P star:7.654641e-033 
 1   2   2   2   2   2   2   2   2   2   2   2   2   2   2   2   2   2   2   2   3   3   3   3   3   4   4   4   4   4   4   4   4   4   5   5   5   5   5   5   5   5   5   5   5   5   5   5   5   5   5   5   5   5   5   5   5   5   5   5  
Converged A matrix ......... 
0.496339 0.503661 0.000000 0.000000 0.000000 
0.000000 0.943894 0.056106 0.000000 0.000000 
0.000000 0.000000 0.767705 0.232295 0.000000 
0.000000 0.000000 0.000000 0.898850 0.101150 
0.000000 0.000000 0.000000 0.000000 1.000000 
Converged B matrix ......... 
1.000000e-030 1.000000e-030 1.000000e+000 1.000000e-030 1.000000e-030 1.000000e-030 1.000000e-030 1.000000e-030 1.000000e-030 5.086111e-043 1.000000e-030 1.000000e-030 1.000000e-030 1.000000e-030 1.000000e-030 1.000000e-030 1.000000e-030 1.000000e-030 1.000000e-030 1.000000e-030 1.000000e-030 1.000000e-030 1.000000e-030 1.000000e-030 1.000000e-030 1.000000e-030 1.000000e-030 1.000000e-030 1.000000e-030 1.000000e-030 1.000000e-030 1.000000e-030 
1.000000e-030 1.000000e-030 5.374356e-001 1.187726e-263 1.000000e-030 1.000000e-030 1.000000e-030 1.000000e-030 1.000000e-030 3.366370e-001 1.000000e-030 1.259274e-001 1.000000e-030 1.000000e-030 1.000000e-030 1.000000e-030 1.000000e-030 1.000000e-030 1.000000e-030 1.000000e-030 1.000000e-030 1.000000e-030 1.000000e-030 1.140330e-091 1.000000e-030 2.903829e-234 1.000000e-030 7.099467e-205 1.000000e-030 2.280661e-091 1.000000e-030 1.000000e-030 
1.000000e-030 1.000000e-030 3.334895e-001 3.577193e-231 1.000000e-030 1.000000e-030 1.000000e-030 1.000000e-030 1.000000e-030 3.109235e-092 1.000000e-030 6.665105e-001 1.000000e-030 1.000000e-030 1.000000e-030 1.000000e-030 1.000000e-030 1.000000e-030 1.000000e-030 1.000000e-030 1.000000e-030 1.000000e-030 1.000000e-030 2.527565e-018 1.000000e-030 1.071676e-201 1.000000e-030 1.297677e-120 1.000000e-030 2.425299e-242 1.000000e-030 1.000000e-030 
1.000000e-030 1.000000e-030 4.097243e-068 9.865724e-054 1.000000e-030 1.000000e-030 1.000000e-030 1.000000e-030 1.000000e-030 1.000000e-030 1.000000e-030 4.942499e-001 1.000000e-030 1.000000e-030 1.000000e-030 1.000000e-030 1.000000e-030 1.000000e-030 1.000000e-030 1.000000e-030 1.000000e-030 1.000000e-030 1.000000e-030 1.011500e-001 1.000000e-030 1.011500e-001 1.000000e-030 1.011500e-001 1.000000e-030 2.023000e-001 1.000000e-030 1.000000e-030 
1.000000e-030 1.000000e-030 5.769231e-001 2.307692e-001 1.000000e-030 7.692308e-002 1.000000e-030 1.000000e-030 1.000000e-030 3.846154e-002 1.000000e-030 7.692308e-002 1.000000e-030 1.000000e-030 1.000000e-030 1.000000e-030 1.000000e-030 1.000000e-030 1.000000e-030 1.000000e-030 1.000000e-030 1.000000e-030 1.000000e-030 1.000000e-030 1.000000e-030 9.757727e-036 1.000000e-030 2.964394e-322 1.000000e-030 1.000000e-030 1.000000e-030 1.000000e-030 
                             **************************************************************
Sample 10.......... 
P star:2.903024e-038 
 1   1   1   1   1   2   2   2   2   2   2   2   2   2   2   3   3   3   3   3   4   4   4   4   4   4   4   4   4   4   4   4   4   4   5   5   5   5   5   5   5   5   5   5   5   5   5   5   5   5   5   5   5   5   5   5   5   5   5   5  
Converged A matrix ......... 
0.876249 0.123751 0.000000 0.000000 0.000000 
0.000000 0.875598 0.124402 0.000000 0.000000 
0.000000 0.000000 0.742323 0.257677 0.000000 
0.000000 0.000000 0.000000 0.928571 0.071429 
0.000000 0.000000 0.000000 0.000000 1.000000 
Converged B matrix ......... 
1.000000e-030 9.658458e-002 6.004033e-001 1.000000e-030 1.000000e-030 1.000000e-030 1.000000e-030 1.000000e-030 1.000000e-030 3.030122e-001 1.000000e-030 4.897693e-271 1.000000e-030 1.000000e-030 1.000000e-030 1.000000e-030 1.000000e-030 1.000000e-030 1.000000e-030 1.000000e-030 1.000000e-030 1.000000e-030 1.000000e-030 1.000000e-030 1.000000e-030 1.000000e-030 1.000000e-030 1.000000e-030 1.000000e-030 1.000000e-030 1.000000e-030 1.000000e-030 
1.000000e-030 7.435425e-002 6.313490e-001 1.000000e-030 1.000000e-030 1.000000e-030 1.000000e-030 1.000000e-030 1.000000e-030 2.942968e-001 1.000000e-030 1.511179e-268 1.000000e-030 1.000000e-030 1.000000e-030 1.000000e-030 1.000000e-030 1.000000e-030 1.000000e-030 1.000000e-030 1.000000e-030 1.000000e-030 1.000000e-030 1.000000e-030 1.000000e-030 1.000000e-030 1.000000e-030 1.516103e-268 1.000000e-030 1.000000e-030 1.000000e-030 1.000000e-030 
1.000000e-030 1.602322e-001 2.765498e-001 1.000000e-030 1.000000e-030 1.000000e-030 1.000000e-030 1.000000e-030 1.000000e-030 5.632180e-001 1.000000e-030 2.585619e-026 1.000000e-030 1.000000e-030 1.000000e-030 1.000000e-030 1.000000e-030 1.000000e-030 1.000000e-030 1.000000e-030 1.000000e-030 1.000000e-030 1.000000e-030 1.000000e-030 1.000000e-030 1.000000e-030 1.000000e-030 4.006384e-286 1.000000e-030 1.000000e-030 1.000000e-030 3.140333e-268 
1.000000e-030 4.949806e-267 3.396807e-209 4.100431e-238 1.368320e-011 1.000000e-030 1.000000e-030 1.000000e-030 1.000000e-030 1.406951e-090 1.000000e-030 4.285714e-001 1.000000e-030 1.000000e-030 7.142857e-002 1.000000e-030 1.000000e-030 1.000000e-030 1.000000e-030 1.000000e-030 1.000000e-030 1.000000e-030 1.000000e-030 1.428571e-001 1.000000e-030 1.000000e-030 1.000000e-030 7.142857e-002 1.000000e-030 1.428571e-001 1.000000e-030 1.428571e-001 
1.000000e-030 7.692308e-002 5.384615e-001 7.692308e-002 7.692308e-002 1.923077e-001 1.000000e-030 1.000000e-030 1.000000e-030 3.846154e-002 1.000000e-030 2.294932e-099 1.000000e-030 1.000000e-030 1.000000e-030 1.000000e-030 1.000000e-030 1.000000e-030 1.000000e-030 1.000000e-030 1.000000e-030 1.000000e-030 1.000000e-030 9.831461e-187 1.000000e-030 1.000000e-030 1.000000e-030 1.000000e-030 1.000000e-030 1.730026e-128 1.000000e-030 1.000000e-030 
                             **************************************************************
Sample 11.......... 
P star:2.074803e-036 
 1   1   1   1   1   1   1   1   1   1   1   1   1   1   1   1   1   1   1   2   2   2   3   3   3   3   3   3   4   4   4   4   4   5   5   5   5   5   5   5   5   5   5   5   5   5   5   5   5   5   5   5   5   5   5   5   5   5   5   5  
Converged A matrix ......... 
0.915027 0.084973 0.000000 0.000000 0.000000 
0.000000 0.878249 0.121751 0.000000 0.000000 
0.000000 0.000000 0.877178 0.122822 0.000000 
0.000000 0.000000 0.000000 0.774633 0.225367 
0.000000 0.000000 0.000000 0.000000 1.000000 
Converged B matrix ......... 
1.000000e-030 1.000000e-030 6.727413e-001 1.000000e-030 1.000000e-030 1.000000e-030 1.000000e-030 1.000000e-030 1.000000e-030 3.272587e-001 1.000000e-030 1.318459e-046 1.000000e-030 1.000000e-030 1.000000e-030 1.000000e-030 1.000000e-030 1.000000e-030 1.000000e-030 1.000000e-030 1.000000e-030 1.000000e-030 1.000000e-030 1.000000e-030 1.000000e-030 1.000000e-030 1.000000e-030 1.000000e-030 1.000000e-030 1.000000e-030 1.000000e-030 1.000000e-030 
1.000000e-030 1.000000e-030 6.548958e-001 1.000000e-030 1.000000e-030 1.000000e-030 1.000000e-030 1.000000e-030 1.000000e-030 2.717567e-001 1.000000e-030 7.334755e-002 1.000000e-030 1.000000e-030 1.000000e-030 1.000000e-030 1.000000e-030 1.000000e-030 1.000000e-030 1.000000e-030 1.000000e-030 1.000000e-030 1.000000e-030 1.000000e-030 1.000000e-030 1.000000e-030 1.000000e-030 1.000000e-030 1.000000e-030 1.000000e-030 1.000000e-030 1.000000e-030 
1.000000e-030 1.000000e-030 7.005643e-001 1.000000e-030 1.000000e-030 1.000000e-030 1.000000e-030 1.000000e-030 1.000000e-030 2.354008e-001 1.000000e-030 6.403488e-002 1.000000e-030 1.000000e-030 1.000000e-030 1.000000e-030 1.000000e-030 1.000000e-030 1.000000e-030 1.000000e-030 1.000000e-030 1.000000e-030 1.000000e-030 1.000000e-030 1.000000e-030 1.000000e-030 1.000000e-030 1.079372e-139 1.000000e-030 1.000000e-030 1.000000e-030 1.000000e-030 
1.000000e-030 1.000000e-030 3.173920e-062 1.000000e-030 3.578386e-089 1.000000e-030 1.000000e-030 1.000000e-030 1.000000e-030 1.107025e-091 1.000000e-030 5.492666e-001 1.000000e-030 1.000000e-030 1.000000e-030 1.000000e-030 1.000000e-030 1.000000e-030 1.000000e-030 1.000000e-030 1.000000e-030 1.000000e-030 1.000000e-030 1.000000e-030 2.300665e-293 1.000000e-030 1.000000e-030 4.507334e-001 1.000000e-030 8.009102e-017 1.000000e-030 1.000000e-030 
1.000000e-030 3.644450e-002 2.915560e-001 2.551115e-001 3.644450e-002 1.000000e-030 1.000000e-030 1.000000e-030 1.000000e-030 1.000000e-030 1.000000e-030 1.617765e-001 1.000000e-030 3.644450e-002 1.000000e-030 1.000000e-030 1.000000e-030 1.000000e-030 1.000000e-030 1.000000e-030 1.000000e-030 1.000000e-030 1.000000e-030 1.000000e-030 3.644450e-002 1.000000e-030 1.000000e-030 2.179634e-193 1.000000e-030 1.457780e-001 1.000000e-030 1.000000e-030 
                             **************************************************************
Sample 12.......... 
P star:1.404741e-039 
 1   1   1   1   1   1   1   1   2   3   3   3   3   3   3   3   3   3   4   4   4   4   4   4   4   4   4   4   4   4   5   5   5   5   5   5   5   5   5   5   5   5   5   5   5   5   5   5   5   5   5   5   5   5   5   5   5   5   5   5  
Converged A matrix ......... 
0.875000 0.125000 0.000000 0.000000 0.000000 
0.000000 0.000000 1.000000 0.000000 0.000000 
0.000000 0.000000 0.884774 0.115226 0.000000 
0.000000 0.000000 0.000000 0.908101 0.091899 
0.000000 0.000000 0.000000 0.000000 1.000000 
Converged B matrix ......... 
1.000000e-030 1.000000e-030 4.986284e-210 1.000000e-030 1.000000e-030 1.000000e-030 1.000000e-030 1.000000e-030 1.000000e-030 1.000000e-030 1.000000e-030 1.000000e+000 1.000000e-030 1.000000e-030 1.000000e-030 1.000000e-030 1.000000e-030 1.000000e-030 1.000000e-030 1.000000e-030 1.000000e-030 1.000000e-030 1.000000e-030 1.000000e-030 1.000000e-030 1.000000e-030 1.000000e-030 2.258668e-120 1.000000e-030 1.000000e-030 1.000000e-030 1.000000e-030 
1.000000e-030 1.000000e-030 1.806934e-119 1.000000e-030 1.000000e-030 1.000000e-030 1.000000e-030 1.000000e-030 1.000000e-030 1.000000e-030 1.000000e-030 1.137690e-122 1.000000e-030 1.000000e-030 1.000000e-030 1.000000e-030 1.000000e-030 1.000000e-030 1.000000e-030 1.000000e-030 1.000000e-030 1.000000e-030 1.000000e-030 1.000000e-030 1.000000e-030 1.000000e-030 1.000000e-030 1.000000e+000 1.000000e-030 1.000000e-030 1.000000e-030 1.000000e-030 
1.000000e-030 1.000000e-030 5.391018e-001 1.000000e-030 1.152235e-001 1.000000e-030 1.000000e-030 1.000000e-030 1.000000e-030 1.000000e-030 1.000000e-030 3.456747e-001 1.000000e-030 1.000000e-030 1.000000e-030 1.000000e-030 1.000000e-030 1.000000e-030 1.000000e-030 1.000000e-030 1.000000e-030 1.000000e-030 1.000000e-030 1.000000e-030 1.000000e-030 1.000000e-030 1.000000e-030 6.307358e-030 1.000000e-030 1.000000e-030 1.000000e-030 1.000000e-030 
1.000000e-030 1.000000e-030 2.486423e-001 1.000000e-030 6.433273e-017 1.000000e-030 1.000000e-030 1.000000e-030 1.000000e-030 1.000000e-030 1.000000e-030 4.769243e-001 1.000000e-030 1.000000e-030 1.000000e-030 1.000000e-030 1.000000e-030 1.000000e-030 1.000000e-030 1.000000e-030 1.000000e-030 1.000000e-030 1.000000e-030 1.000000e-030 1.000000e-030 1.000000e-030 1.000000e-030 2.744334e-001 1.000000e-030 3.632958e-049 9.337880e-216 1.000000e-030 
1.000000e-030 1.000000e-030 1.468117e-001 6.361356e-002 1.908414e-001 1.000000e-030 1.000000e-030 1.000000e-030 1.000000e-030 1.000000e-030 1.000000e-030 2.802287e-001 1.000000e-030 1.000000e-030 1.000000e-030 1.000000e-030 1.000000e-030 1.000000e-030 1.000000e-030 1.000000e-030 1.000000e-030 1.000000e-030 1.000000e-030 1.272271e-001 3.180678e-002 1.000000e-030 1.000000e-030 3.224365e-002 1.000000e-030 9.542034e-002 3.180678e-002 1.000000e-030 
                             **************************************************************
Sample 13.......... 
P star:1.199166e-033 
 1   2   2   2   2   2   2   2   2   2   2   2   2   2   2   2   2   2   2   2   2   3   3   3   4   4   4   4   4   4   4   5   5   5   5   5   5   5   5   5   5   5   5   5   5   5   5   5   5   5   5   5   5   5   5   5   5   5   5   5  
Converged A matrix ......... 
0.578101 0.421899 0.000000 0.000000 0.000000 
0.000000 0.946322 0.053678 0.000000 0.000000 
0.000000 0.000000 0.666667 0.333333 0.000000 
0.000000 0.000000 0.000000 0.857143 0.142857 
0.000000 0.000000 0.000000 0.000000 1.000000 
Converged B matrix ......... 
1.000000e-030 5.323848e-221 1.000000e+000 1.000000e-030 1.000000e-030 1.000000e-030 1.000000e-030 1.000000e-030 1.000000e-030 1.743461e-033 1.000000e-030 1.000000e-030 1.000000e-030 1.000000e-030 1.000000e-030 1.000000e-030 1.000000e-030 1.000000e-030 1.000000e-030 1.000000e-030 1.000000e-030 1.000000e-030 1.000000e-030 1.000000e-030 1.000000e-030 1.000000e-030 1.000000e-030 1.000000e-030 1.000000e-030 1.000000e-030 1.000000e-030 1.000000e-030 
1.000000e-030 5.367754e-002 6.779347e-001 1.000000e-030 1.000000e-030 1.000000e-030 1.000000e-030 1.000000e-030 1.000000e-030 2.683877e-001 1.000000e-030 7.489255e-243 1.000000e-030 1.000000e-030 1.000000e-030 1.000000e-030 1.000000e-030 1.000000e-030 1.000000e-030 1.000000e-030 1.000000e-030 1.000000e-030 1.000000e-030 1.000000e-030 1.000000e-030 1.000000e-030 1.000000e-030 1.000000e-030 1.050200e-072 8.435037e-303 1.000000e-030 1.000000e-030 
1.000000e-030 1.000000e-030 8.674897e-043 1.000000e-030 1.000000e-030 1.000000e-030 1.000000e-030 1.000000e-030 1.000000e-030 1.000000e-030 1.000000e-030 3.333333e-001 1.000000e-030 1.000000e-030 1.000000e-030 1.000000e-030 1.000000e-030 1.000000e-030 1.000000e-030 1.000000e-030 1.000000e-030 1.000000e-030 1.000000e-030 9.846368e-252 1.000000e-030 1.000000e-030 1.000000e-030 1.000000e-030 3.333333e-001 3.333333e-001 1.000000e-030 8.816080e-032 
1.000000e-030 1.000000e-030 4.745770e-064 2.416673e-217 1.000000e-030 1.000000e-030 1.000000e-030 1.000000e-030 1.000000e-030 1.000000e-030 1.000000e-030 3.458391e-225 1.000000e-030 1.428571e-001 1.000000e-030 1.000000e-030 1.000000e-030 1.000000e-030 1.428571e-001 1.000000e-030 1.000000e-030 1.000000e-030 1.428571e-001 4.285714e-001 1.000000e-030 1.000000e-030 1.000000e-030 1.000000e-030 3.471566e-296 6.351499e-022 1.000000e-030 1.428571e-001 
1.000000e-030 1.000000e-030 5.172414e-001 2.758621e-001 1.000000e-030 3.448276e-002 1.000000e-030 3.448276e-002 1.000000e-030 6.896552e-002 1.000000e-030 6.896552e-002 1.000000e-030 6.029810e-054 1.000000e-030 1.000000e-030 1.000000e-030 1.000000e-030 1.340516e-112 1.000000e-030 1.000000e-030 1.000000e-030 1.094755e-141 1.641448e-083 1.000000e-030 1.000000e-030 1.000000e-030 1.000000e-030 1.000000e-030 1.000000e-030 1.000000e-030 2.945664e-250 
                             **************************************************************
Sample 14.......... 
P star:1.000535e-039 
 1   1   1   1   1   2   2   2   2   2   2   2   2   2   2   2   2   2   2   3   3   3   3   3   3   3   3   3   3   4   4   4   4   4   5   5   5   5   5   5   5   5   5   5   5   5   5   5   5   5   5   5   5   5   5   5   5   5   5   5  
Converged A matrix ......... 
0.824881 0.175119 0.000000 0.000000 0.000000 
0.000000 0.925353 0.074647 0.000000 0.000000 
0.000000 0.000000 0.911371 0.088629 0.000000 
0.000000 0.000000 0.000000 0.635160 0.364840 
0.000000 0.000000 0.000000 0.000000 1.000000 
Converged B matrix ......... 
1.000000e-030 1.000000e-030 6.575362e-001 1.000000e-030 1.000000e-030 1.000000e-030 1.000000e-030 1.000000e-030 1.000000e-030 1.396967e-007 1.000000e-030 3.424637e-001 1.000000e-030 1.000000e-030 1.000000e-030 1.000000e-030 1.000000e-030 1.000000e-030 1.000000e-030 1.000000e-030 1.000000e-030 1.000000e-030 1.000000e-030 1.000000e-030 1.000000e-030 1.000000e-030 1.000000e-030 1.000000e-030 1.000000e-030 1.000000e-030 1.000000e-030 1.000000e-030 
1.000000e-030 1.000000e-030 5.547845e-001 1.000000e-030 1.000000e-030 1.000000e-030 1.000000e-030 1.000000e-030 1.000000e-030 9.234582e-002 1.000000e-030 3.528697e-001 1.000000e-030 1.000000e-030 3.922120e-257 1.000000e-030 1.000000e-030 1.000000e-030 1.000000e-030 1.000000e-030 1.000000e-030 1.000000e-030 1.000000e-030 1.000000e-030 1.000000e-030 1.000000e-030 1.000000e-030 1.000000e-030 1.000000e-030 1.000000e-030 1.000000e-030 1.000000e-030 
1.000000e-030 1.000000e-030 3.374632e-001 1.000000e-030 1.000000e-030 1.000000e-030 1.000000e-030 1.000000e-030 1.000000e-030 1.562444e-001 1.000000e-030 5.062924e-001 1.000000e-030 1.000000e-030 5.316192e-075 1.000000e-030 1.000000e-030 1.000000e-030 1.000000e-030 1.000000e-030 1.000000e-030 1.000000e-030 1.000000e-030 1.000000e-030 1.000000e-030 1.000000e-030 1.000000e-030 1.000000e-030 1.000000e-030 1.702235e-179 1.000000e-030 1.000000e-030 
1.000000e-030 5.417655e-275 2.607607e-026 1.116046e-216 1.149537e-158 1.000000e-030 1.000000e-030 1.000000e-030 1.000000e-030 4.455337e-173 1.000000e-030 8.389850e-001 1.000000e-030 1.000000e-030 1.610150e-001 1.000000e-030 1.000000e-030 1.000000e-030 1.000000e-030 1.000000e-030 1.000000e-030 1.000000e-030 1.000000e-030 1.000000e-030 1.000000e-030 1.000000e-030 1.000000e-030 1.961838e-187 1.000000e-030 1.590211e-044 1.000000e-030 1.000000e-030 
1.000000e-030 7.443425e-002 2.235086e-001 1.116514e-001 7.443425e-002 1.000000e-030 1.000000e-030 1.000000e-030 1.000000e-030 1.224992e-274 1.000000e-030 2.718767e-001 1.000000e-030 1.000000e-030 9.522633e-002 1.000000e-030 1.000000e-030 1.000000e-030 1.000000e-030 1.000000e-030 1.000000e-030 1.000000e-030 1.000000e-030 1.000000e-030 1.000000e-030 1.000000e-030 1.000000e-030 3.721712e-002 1.000000e-030 1.116514e-001 1.000000e-030 1.000000e-030 
                             **************************************************************
Sample 15.......... 
P star:2.643813e-046 
 1   2   2   2   2   2   2   2   2   2   2   2   2   2   3   3   3   3   3   3   3   3   3   3   4   4   4   5   5   5   5   5   5   5   5   5   5   5   5   5   5   5   5   5   5   5   5   5   5   5   5   5   5   5   5   5   5   5   5   5  
Converged A matrix ......... 
0.000000 1.000000 0.000000 0.000000 0.000000 
0.000000 0.907996 0.092004 0.000000 0.000000 
0.000000 0.000000 0.913320 0.086680 0.000000 
0.000000 0.000000 0.000000 0.686782 0.313218 
0.000000 0.000000 0.000000 0.000000 1.000000 
Converged B matrix ......... 
1.000000e-030 1.000000e-030 1.000000e-030 1.000000e-030 1.000000e-030 1.000000e-030 1.000000e-030 1.000000e-030 1.000000e-030 1.000000e-030 1.000000e-030 1.000000e+000 1.000000e-030 1.000000e-030 1.000000e-030 1.000000e-030 1.000000e-030 1.000000e-030 1.000000e-030 1.000000e-030 1.000000e-030 1.000000e-030 1.000000e-030 1.000000e-030 1.000000e-030 1.000000e-030 1.000000e-030 1.000000e-030 1.000000e-030 1.000000e-030 1.000000e-030 1.000000e-030 
1.000000e-030 1.000000e-030 2.778435e-001 1.000000e-030 1.000000e-030 1.000000e-030 1.000000e-030 1.000000e-030 1.000000e-030 6.301526e-001 1.000000e-030 1.083044e-101 1.000000e-030 1.000000e-030 1.000000e-030 1.000000e-030 1.000000e-030 1.000000e-030 1.000000e-030 1.000000e-030 1.000000e-030 1.000000e-030 1.000000e-030 1.000000e-030 1.000000e-030 9.200393e-002 1.000000e-030 1.000000e-030 1.000000e-030 1.000000e-030 1.000000e-030 1.000000e-030 
1.000000e-030 8.667969e-002 3.269666e-001 1.000000e-030 4.077259e-173 1.000000e-030 1.000000e-030 1.000000e-030 1.000000e-030 2.731110e-001 6.465092e-056 3.132426e-001 1.000000e-030 1.000000e-030 1.000000e-030 1.000000e-030 1.000000e-030 1.000000e-030 1.000000e-030 1.000000e-030 1.000000e-030 1.000000e-030 1.000000e-030 1.000000e-030 4.743038e-231 5.620204e-260 1.000000e-030 2.060117e-173 1.000000e-030 6.219098e-202 1.000000e-030 1.000000e-030 
1.000000e-030 1.000000e-030 5.073376e-001 1.000000e-030 9.137821e-092 1.000000e-030 1.000000e-030 1.000000e-030 1.000000e-030 1.955420e-052 3.132179e-001 1.209663e-001 1.000000e-030 1.000000e-030 1.000000e-030 1.000000e-030 1.000000e-030 1.000000e-030 1.000000e-030 1.000000e-030 1.000000e-030 1.000000e-030 1.000000e-030 1.000000e-030 3.937144e-201 1.000000e-030 1.000000e-030 5.847818e-002 1.000000e-030 7.366606e-173 1.000000e-030 1.000000e-030 
1.000000e-030 5.987754e-002 2.271816e-001 8.981631e-002 1.796326e-001 1.000000e-030 1.000000e-030 2.993877e-002 1.000000e-030 7.622252e-198 5.278575e-168 1.496939e-001 1.000000e-030 1.000000e-030 1.000000e-030 1.000000e-030 1.000000e-030 1.000000e-030 1.000000e-030 1.000000e-030 1.000000e-030 1.000000e-030 1.000000e-030 1.000000e-030 2.993877e-002 2.993877e-002 1.000000e-030 8.422670e-002 1.000000e-030 1.197551e-001 1.000000e-030 1.000000e-030 
                             **************************************************************
Sample 16.......... 
P star:1.693219e-033 
 1   1   1   1   1   1   1   1   1   1   1   1   1   1   1   1   1   2   3   3   4   4   4   4   4   4   4   4   4   4   5   5   5   5   5   5   5   5   5   5   5   5   5   5   5   5   5   5   5   5   5   5   5   5   5   5   5   5   5   5  
Converged A matrix ......... 
0.891105 0.108895 0.000000 0.000000 0.000000 
0.000000 0.881594 0.118406 0.000000 0.000000 
0.000000 0.000000 0.620184 0.379816 0.000000 
0.000000 0.000000 0.000000 0.887220 0.112780 
0.000000 0.000000 0.000000 0.000000 1.000000 
Converged B matrix ......... 
1.000000e-030 1.000000e-030 8.578053e-001 1.000000e-030 1.000000e-030 1.000000e-030 1.000000e-030 1.000000e-030 1.000000e-030 1.000000e-030 1.000000e-030 1.421947e-001 1.570141e-062 1.000000e-030 1.633996e-113 1.000000e-030 1.000000e-030 1.000000e-030 1.000000e-030 1.000000e-030 1.000000e-030 1.000000e-030 1.000000e-030 1.000000e-030 7.163063e-121 1.000000e-030 1.000000e-030 1.840082e-296 1.000000e-030 6.367094e-238 1.889816e-237 1.000000e-030 
1.000000e-030 1.000000e-030 8.433650e-001 1.000000e-030 1.000000e-030 1.000000e-030 1.000000e-030 1.000000e-030 1.000000e-030 1.000000e-030 1.000000e-030 1.566350e-001 3.101224e-057 1.000000e-030 1.707272e-062 1.000000e-030 1.000000e-030 1.000000e-030 1.000000e-030 1.000000e-030 1.000000e-030 1.000000e-030 1.000000e-030 1.000000e-030 3.534447e-113 1.000000e-030 1.000000e-030 2.090067e-266 1.000000e-030 7.396971e-237 2.311751e-120 1.000000e-030 
1.000000e-030 1.000000e-030 4.077792e-092 1.000000e-030 9.791254e-295 1.000000e-030 1.000000e-030 1.000000e-030 1.000000e-030 1.000000e-030 1.000000e-030 1.410419e-001 3.798156e-001 1.000000e-030 3.798156e-001 1.000000e-030 1.000000e-030 1.000000e-030 1.000000e-030 1.000000e-030 1.000000e-030 1.000000e-030 1.000000e-030 1.000000e-030 9.932697e-002 1.000000e-030 1.000000e-030 1.297418e-236 1.000000e-030 1.526250e-259 7.145576e-024 1.000000e-030 
1.000000e-030 5.325803e-094 1.000000e-030 1.272551e-001 1.127798e-001 3.370534e-022 1.000000e-030 1.000000e-030 1.000000e-030 1.000000e-030 1.000000e-030 1.000000e-030 1.000000e-030 1.000000e-030 2.193159e-047 1.000000e-030 1.000000e-030 1.000000e-030 1.000000e-030 1.000000e-030 1.000000e-030 1.000000e-030 1.000000e-030 1.000000e-030 1.960661e-001 1.000000e-030 1.000000e-030 2.255596e-001 1.000000e-030 2.255596e-001 1.127798e-001 1.000000e-030 
1.000000e-030 9.717654e-002 6.154514e-001 9.301898e-002 1.549914e-093 9.717654e-002 1.000000e-030 1.000000e-030 1.000000e-030 6.478436e-002 1.000000e-030 3.239218e-002 1.000000e-030 1.000000e-030 1.000000e-030 1.000000e-030 1.000000e-030 1.000000e-030 1.000000e-030 1.000000e-030 1.000000e-030 1.000000e-030 1.000000e-030 1.000000e-030 1.000000e-030 1.000000e-030 1.000000e-030 6.863243e-304 1.000000e-030 1.000000e-030 1.000000e-030 1.000000e-030 
                             **************************************************************
Sample 17.......... 
P star:5.134920e-033 
 1   1   1   1   1   1   1   1   1   1   1   1   1   1   1   1   1   2   2   2   2   2   2   3   3   3   4   4   4   4   4   4   5   5   5   5   5   5   5   5   5   5   5   5   5   5   5   5   5   5   5   5   5   5   5   5   5   5   5   5  
Converged A matrix ......... 
0.920980 0.079020 0.000000 0.000000 0.000000 
0.000000 0.895171 0.104829 0.000000 0.000000 
0.000000 0.000000 0.737232 0.262768 0.000000 
0.000000 0.000000 0.000000 0.833333 0.166667 
0.000000 0.000000 0.000000 0.000000 1.000000 
Converged B matrix ......... 
1.000000e-030 1.000000e-030 7.540164e-001 2.472575e-200 1.000000e-030 1.000000e-030 1.000000e-030 1.000000e-030 1.000000e-030 1.000000e-030 1.000000e-030 2.459836e-001 1.000000e-030 1.000000e-030 1.000000e-030 1.000000e-030 1.000000e-030 1.000000e-030 1.000000e-030 1.000000e-030 1.000000e-030 1.000000e-030 1.000000e-030 1.000000e-030 1.000000e-030 1.000000e-030 1.000000e-030 1.000000e-030 1.000000e-030 1.000000e-030 1.000000e-030 1.000000e-030 
1.000000e-030 1.000000e-030 8.021799e-001 6.277941e-027 4.083918e-142 1.000000e-030 1.000000e-030 1.000000e-030 1.000000e-030 1.000000e-030 1.000000e-030 1.978201e-001 2.068939e-277 1.000000e-030 3.210030e-248 1.000000e-030 1.000000e-030 1.000000e-030 1.000000e-030 1.000000e-030 1.000000e-030 1.000000e-030 1.000000e-030 1.000000e-030 1.000000e-030 1.000000e-030 1.000000e-030 1.000000e-030 1.000000e-030 1.000000e-030 1.000000e-030 6.420060e-248 
1.000000e-030 1.000000e-030 4.744644e-001 2.627678e-001 2.627678e-001 1.000000e-030 1.000000e-030 1.000000e-030 1.000000e-030 1.000000e-030 1.000000e-030 1.327304e-188 8.046361e-248 1.000000e-030 1.187771e-012 1.000000e-030 1.000000e-030 1.000000e-030 1.000000e-030 1.000000e-030 1.000000e-030 1.000000e-030 1.000000e-030 1.000000e-030 1.000000e-030 1.000000e-030 1.000000e-030 1.000000e-030 1.000000e-030 1.000000e-030 9.457134e-277 2.793293e-178 
1.000000e-030 1.000000e-030 3.787082e-214 1.000000e-030 4.757938e-013 1.000000e-030 1.000000e-030 1.000000e-030 1.000000e-030 1.000000e-030 1.000000e-030 1.000000e-030 1.666667e-001 1.000000e-030 1.666667e-001 1.000000e-030 1.000000e-030 1.000000e-030 1.000000e-030 1.000000e-030 1.000000e-030 1.000000e-030 1.000000e-030 1.000000e-030 1.666667e-001 1.000000e-030 1.000000e-030 1.000000e-030 1.000000e-030 2.143113e-060 1.666667e-001 3.333333e-001 
1.000000e-030 1.000000e-030 2.857143e-001 1.000000e-030 7.142857e-002 1.000000e-030 1.000000e-030 1.000000e-030 1.000000e-030 1.000000e-030 1.000000e-030 1.428571e-001 1.000000e-030 1.000000e-030 1.000000e-030 1.000000e-030 1.000000e-030 1.000000e-030 1.000000e-030 1.000000e-030 1.000000e-030 1.000000e-030 1.000000e-030 1.000000e-030 9.072404e-056 1.000000e-030 1.000000e-030 7.142857e-002 1.000000e-030 4.285714e-001 1.000000e-030 1.000000e-030 
                             **************************************************************
Sample 18.......... 
P star:2.202313e-034 
 1   2   2   2   2   2   2   2   2   2   2   2   2   2   3   4   4   4   4   4   4   4   4   5   5   5   5   5   5   5   5   5   5   5   5   5   5   5   5   5   5   5   5   5   5   5   5   5   5   5   5   5   5   5   5   5   5   5   5   5  
Converged A matrix ......... 
0.000000 1.000000 0.000000 0.000000 0.000000 
0.000000 0.912211 0.087789 0.000000 0.000000 
0.000000 0.000000 0.785163 0.214837 0.000000 
0.000000 0.000000 0.000000 0.823381 0.176619 
0.000000 0.000000 0.000000 0.000000 1.000000 
Converged B matrix ......... 
1.000000e-030 1.000000e-030 1.000000e-030 1.000000e-030 1.000000e-030 1.000000e-030 1.000000e-030 1.000000e-030 1.000000e-030 1.000000e-030 1.000000e-030 1.000000e+000 1.000000e-030 1.000000e-030 1.000000e-030 1.000000e-030 1.000000e-030 1.000000e-030 1.000000e-030 1.000000e-030 1.000000e-030 1.000000e-030 1.000000e-030 1.000000e-030 1.000000e-030 1.000000e-030 1.000000e-030 1.000000e-030 1.000000e-030 1.000000e-030 1.000000e-030 1.000000e-030 
1.000000e-030 1.000000e-030 8.244211e-001 1.000000e-030 9.101445e-130 1.000000e-030 1.000000e-030 1.000000e-030 1.000000e-030 1.000000e-030 1.000000e-030 1.755789e-001 1.000000e-030 1.000000e-030 1.000000e-030 1.000000e-030 1.000000e-030 1.000000e-030 1.000000e-030 1.000000e-030 1.000000e-030 1.000000e-030 1.000000e-030 1.000000e-030 1.000000e-030 1.000000e-030 1.000000e-030 1.900528e-039 1.000000e-030 5.944929e-217 1.000000e-030 6.741275e-246 
1.000000e-030 1.000000e-030 7.851628e-001 1.000000e-030 1.678585e-088 1.000000e-030 1.000000e-030 1.000000e-030 1.000000e-030 1.000000e-030 1.000000e-030 8.455449e-028 1.000000e-030 1.000000e-030 1.000000e-030 1.000000e-030 1.000000e-030 1.000000e-030 1.000000e-030 1.000000e-030 1.000000e-030 1.000000e-030 1.000000e-030 1.000000e-030 1.000000e-030 1.000000e-030 1.000000e-030 2.148372e-001 1.000000e-030 1.282976e-187 1.000000e-030 2.707049e-216 
1.000000e-030 1.000000e-030 1.000000e+000 1.000000e-030 9.768269e-057 1.000000e-030 1.000000e-030 1.000000e-030 1.000000e-030 1.000000e-030 1.000000e-030 3.795374e-027 1.000000e-030 1.000000e-030 1.000000e-030 1.000000e-030 1.000000e-030 1.000000e-030 1.000000e-030 1.000000e-030 1.000000e-030 1.000000e-030 1.000000e-030 1.000000e-030 3.410153e-302 1.000000e-030 1.000000e-030 1.523439e-030 1.000000e-030 1.081481e-170 1.000000e-030 1.054740e-187 
1.000000e-030 1.000000e-030 1.955488e-001 1.000000e-030 3.217805e-001 1.000000e-030 1.000000e-030 1.000000e-030 1.000000e-030 1.000000e-030 1.000000e-030 2.145203e-001 1.000000e-030 1.000000e-030 1.000000e-030 1.000000e-030 1.000000e-030 1.000000e-030 1.000000e-030 1.000000e-030 1.000000e-030 1.000000e-030 1.000000e-030 1.000000e-030 2.681504e-002 1.000000e-030 2.681504e-002 1.977362e-317 1.000000e-030 1.340752e-001 1.000000e-030 8.044512e-002 
                             **************************************************************
Sample 19.......... 
P star:1.620741e-031 
 1   1   1   1   1   2   2   2   3   3   3   3   3   3   3   3   3   3   3   3   3   3   3   3   3   4   4   4   4   4   4   4   4   4   4   4   4   4   5   5   5   5   5   5   5   5   5   5   5   5   5   5   5   5   5   5   5   5   5   5  
Converged A matrix ......... 
0.753086 0.246914 0.000000 0.000000 0.000000 
0.000000 0.733926 0.266074 0.000000 0.000000 
0.000000 0.000000 0.948923 0.051077 0.000000 
0.000000 0.000000 0.000000 0.900638 0.099362 
0.000000 0.000000 0.000000 0.000000 1.000000 
Converged B matrix ......... 
1.000000e-030 4.602452e-021 1.000000e+000 1.000000e-030 1.000000e-030 1.000000e-030 1.000000e-030 1.000000e-030 1.000000e-030 1.000000e-030 1.000000e-030 1.000000e-030 1.000000e-030 1.000000e-030 1.000000e-030 1.000000e-030 1.000000e-030 1.000000e-030 1.000000e-030 1.000000e-030 1.000000e-030 1.000000e-030 1.000000e-030 1.000000e-030 1.000000e-030 1.000000e-030 1.000000e-030 1.000000e-030 1.000000e-030 1.000000e-030 1.000000e-030 1.000000e-030 
1.000000e-030 4.616293e-001 5.350926e-001 3.278133e-003 1.000000e-030 1.000000e-030 1.000000e-030 1.000000e-030 1.000000e-030 1.525599e-306 1.000000e-030 1.000000e-030 1.000000e-030 1.000000e-030 1.000000e-030 1.000000e-030 1.000000e-030 1.000000e-030 1.000000e-030 1.000000e-030 1.000000e-030 1.000000e-030 1.000000e-030 1.000000e-030 1.000000e-030 1.000000e-030 1.000000e-030 1.000000e-030 1.000000e-030 1.000000e-030 1.000000e-030 1.000000e-030 
1.000000e-030 4.647430e-002 8.520049e-001 1.015208e-001 1.000000e-030 1.000000e-030 1.000000e-030 1.000000e-030 1.000000e-030 6.246472e-057 1.000000e-030 1.000000e-030 1.000000e-030 1.000000e-030 1.000000e-030 1.000000e-030 1.000000e-030 1.000000e-030 1.000000e-030 1.000000e-030 1.000000e-030 1.000000e-030 1.000000e-030 1.000000e-030 1.000000e-030 1.000000e-030 1.000000e-030 1.000000e-030 1.000000e-030 1.000000e-030 1.000000e-030 1.000000e-030 
1.000000e-030 1.345154e-001 7.661142e-001 8.722832e-006 1.000000e-030 1.000000e-030 1.000000e-030 1.000000e-030 1.000000e-030 9.936170e-002 1.000000e-030 1.000000e-030 1.000000e-030 1.000000e-030 1.000000e-030 1.000000e-030 1.000000e-030 1.000000e-030 1.000000e-030 1.000000e-030 1.000000e-030 1.000000e-030 1.000000e-030 1.000000e-030 1.000000e-030 1.000000e-030 1.000000e-030 1.000000e-030 1.000000e-030 1.787954e-051 1.000000e-030 1.000000e-030 
1.000000e-030 4.440770e-002 2.460344e-001 8.869474e-002 2.660842e-001 4.434737e-002 1.000000e-030 8.869474e-002 1.000000e-030 7.319240e-304 1.000000e-030 1.000000e-030 1.000000e-030 1.000000e-030 1.000000e-030 4.434737e-002 1.000000e-030 1.000000e-030 1.000000e-030 1.000000e-030 1.000000e-030 1.000000e-030 1.000000e-030 1.000000e-030 1.000000e-030 1.000000e-030 1.000000e-030 1.000000e-030 1.000000e-030 1.773895e-001 1.000000e-030 1.000000e-030 
                             **************************************************************
Sample 20.......... 
P star:3.900539e-027 
 1   1   1   1   1   1   1   1   2   2   2   2   2   2   3   3   3   3   4   4   4   4   4   4   5   5   5   5   5   5   5   5   5   5   5   5   5   5   5   5   5   5   5   5   5   5   5   5   5   5   5   5   5   5   5   5   5   5   5   5  
Converged A matrix ......... 
0.880662 0.119338 0.000000 0.000000 0.000000 
0.000000 0.822079 0.177921 0.000000 0.000000 
0.000000 0.000000 0.750000 0.250000 0.000000 
0.000000 0.000000 0.000000 0.833333 0.166667 
0.000000 0.000000 0.000000 0.000000 1.000000 
Converged B matrix ......... 
1.000000e-030 1.193383e-001 2.386766e-001 1.000000e-030 4.773532e-001 1.000000e-030 1.000000e-030 1.000000e-030 1.000000e-030 1.000000e-030 1.000000e-030 1.646319e-001 1.000000e-030 1.000000e-030 1.000000e-030 1.000000e-030 1.000000e-030 1.000000e-030 1.000000e-030 1.000000e-030 1.000000e-030 1.000000e-030 1.000000e-030 2.943920e-204 1.000000e-030 1.000000e-030 1.000000e-030 1.000000e-030 1.000000e-030 1.298302e-059 1.000000e-030 1.000000e-030 
1.000000e-030 4.683389e-293 1.449770e-012 5.754927e-054 1.613571e-064 1.000000e-030 1.000000e-030 1.000000e-030 1.000000e-030 1.000000e-030 1.000000e-030 2.883145e-001 1.000000e-030 1.779214e-001 1.000000e-030 1.000000e-030 1.000000e-030 1.000000e-030 1.000000e-030 1.000000e-030 1.000000e-030 1.000000e-030 1.000000e-030 3.558427e-001 1.000000e-030 1.000000e-030 1.000000e-030 1.000000e-030 1.000000e-030 1.779214e-001 1.000000e-030 1.000000e-030 
1.000000e-030 7.360420e-305 2.500000e-001 7.500000e-001 5.076631e-121 9.137937e-151 1.000000e-030 7.367649e-020 1.000000e-030 1.000000e-030 1.000000e-030 1.284766e-011 1.000000e-030 2.329791e-275 1.000000e-030 1.000000e-030 1.000000e-030 1.000000e-030 1.000000e-030 1.000000e-030 1.000000e-030 1.000000e-030 1.000000e-030 4.543569e-246 1.000000e-030 1.000000e-030 1.000000e-030 1.000000e-030 1.000000e-030 1.000000e-030 1.000000e-030 1.000000e-030 
1.000000e-030 2.524006e-046 1.430621e-253 4.568637e-059 1.666667e-001 5.000000e-001 1.000000e-030 3.333333e-001 1.000000e-030 1.000000e-030 1.000000e-030 1.000000e-030 1.000000e-030 1.000000e-030 1.000000e-030 1.000000e-030 1.000000e-030 1.000000e-030 1.000000e-030 1.000000e-030 1.000000e-030 1.000000e-030 1.000000e-030 1.000000e-030 1.000000e-030 1.000000e-030 1.000000e-030 1.000000e-030 1.000000e-030 1.000000e-030 1.000000e-030 1.000000e-030 
1.000000e-030 3.888889e-001 6.111111e-001 1.000000e-030 1.000000e-030 1.596444e-117 1.000000e-030 4.954546e-262 1.000000e-030 1.000000e-030 1.000000e-030 1.000000e-030 1.000000e-030 1.000000e-030 1.000000e-030 1.000000e-030 1.000000e-030 1.000000e-030 1.000000e-030 1.000000e-030 1.000000e-030 1.000000e-030 1.000000e-030 1.000000e-030 1.000000e-030 1.000000e-030 1.000000e-030 1.000000e-030 1.000000e-030 1.000000e-030 1.000000e-030 1.000000e-030 
                             **************************************************************
