Sample 1.......... 
P star:9.194366e-034 
 1   1   1   1   1   2   2   3   3   3   3   3   3   3   3   3   3   3   3   3   3   3   3   3   3   3   3   3   3   3   3   3   3   3   3   3   3   4   4   4   4   5   5   5   5   5   5   5   5   5   5   5   5   5   5   5   5   5   5   5  
Converged A matrix ......... 
0.800000 0.200000 0.000000 0.000000 0.000000 
0.000000 0.555014 0.444986 0.000000 0.000000 
0.000000 0.000000 0.965719 0.034281 0.000000 
0.000000 0.000000 0.000000 0.781778 0.218222 
0.000000 0.000000 0.000000 0.000000 1.000000 
Converged B matrix ......... 
1.000000e-030 1.000000e-030 6.000000e-001 4.870842e-296 1.000000e-030 1.000000e-030 1.000000e-030 1.000000e-030 1.000000e-030 4.000000e-001 1.000000e-030 1.000000e-030 1.000000e-030 1.000000e-030 1.000000e-030 1.000000e-030 1.000000e-030 1.000000e-030 1.000000e-030 1.000000e-030 1.000000e-030 1.000000e-030 1.000000e-030 1.000000e-030 1.000000e-030 3.160179e-024 1.000000e-030 1.000000e-030 1.000000e-030 1.000000e-030 1.000000e-030 1.000000e-030 
1.000000e-030 1.000000e-030 3.061691e-027 4.041694e-001 1.000000e-030 1.000000e-030 1.000000e-030 1.000000e-030 1.000000e-030 1.508447e-001 1.000000e-030 2.671385e-007 1.000000e-030 1.000000e-030 1.000000e-030 1.000000e-030 1.000000e-030 1.000000e-030 1.000000e-030 1.000000e-030 1.000000e-030 1.000000e-030 1.000000e-030 1.000000e-030 1.000000e-030 4.449856e-001 1.000000e-030 1.000000e-030 1.000000e-030 1.000000e-030 1.000000e-030 1.000000e-030 
1.000000e-030 1.000000e-030 7.141393e-001 3.742596e-002 1.000000e-030 1.000000e-030 1.000000e-030 1.000000e-030 1.000000e-030 1.455903e-001 1.000000e-030 1.028445e-001 1.000000e-030 1.000000e-030 1.000000e-030 1.000000e-030 1.000000e-030 1.000000e-030 1.000000e-030 1.000000e-030 1.000000e-030 1.000000e-030 1.000000e-030 1.000000e-030 1.000000e-030 2.332355e-036 1.000000e-030 1.000000e-030 1.000000e-030 1.000000e-030 1.000000e-030 1.000000e-030 
1.000000e-030 2.235117e-024 2.549655e-001 4.364449e-001 1.000000e-030 1.000000e-030 1.000000e-030 1.000000e-030 1.000000e-030 9.036722e-002 1.000000e-030 2.002393e-230 1.000000e-030 1.000000e-030 1.000000e-030 1.000000e-030 1.000000e-030 1.000000e-030 1.000000e-030 1.000000e-030 1.000000e-030 1.000000e-030 1.000000e-030 1.000000e-030 1.000000e-030 2.182224e-001 1.000000e-030 1.000000e-030 1.000000e-030 1.000000e-030 1.000000e-030 1.000000e-030 
1.000000e-030 2.105263e-001 5.263158e-002 9.039400e-073 5.263158e-002 1.000000e-030 1.000000e-030 1.000000e-030 1.000000e-030 1.578947e-001 1.000000e-030 4.210526e-001 1.000000e-030 1.052632e-001 1.000000e-030 1.000000e-030 1.000000e-030 1.000000e-030 1.000000e-030 1.000000e-030 1.000000e-030 1.000000e-030 1.000000e-030 1.000000e-030 1.000000e-030 1.690877e-173 1.000000e-030 1.000000e-030 1.000000e-030 1.000000e-030 1.000000e-030 1.000000e-030 
                             **************************************************************
Sample 2.......... 
P star:1.005433e-030 
 1   1   1   2   2   2   2   2   2   2   2   2   2   3   3   3   3   3   3   3   3   3   3   3   3   4   4   4   4   4   4   4   4   4   5   5   5   5   5   5   5   5   5   5   5   5   5   5   5   5   5   5   5   5   5   5   5   5   5   5  
Converged A matrix ......... 
0.782660 0.217340 0.000000 0.000000 0.000000 
0.000000 0.904928 0.095072 0.000000 0.000000 
0.000000 0.000000 0.900520 0.099480 0.000000 
0.000000 0.000000 0.000000 0.882848 0.117152 
0.000000 0.000000 0.000000 0.000000 1.000000 
Converged B matrix ......... 
1.000000e-030 1.667797e-001 8.332203e-001 1.214299e-103 1.000000e-030 1.000000e-030 1.000000e-030 1.000000e-030 1.000000e-030 1.956114e-021 1.000000e-030 1.000000e-030 1.000000e-030 1.000000e-030 1.000000e-030 1.000000e-030 1.000000e-030 1.000000e-030 1.000000e-030 1.000000e-030 1.000000e-030 1.000000e-030 1.000000e-030 1.000000e-030 1.000000e-030 1.000000e-030 1.000000e-030 1.000000e-030 1.000000e-030 1.000000e-030 1.000000e-030 1.000000e-030 
1.000000e-030 8.785422e-002 8.259717e-001 1.000000e-030 1.000000e-030 1.000000e-030 1.000000e-030 1.000000e-030 1.000000e-030 8.617408e-002 1.000000e-030 1.117117e-193 1.000000e-030 1.000000e-030 1.000000e-030 1.000000e-030 1.000000e-030 1.000000e-030 1.000000e-030 1.000000e-030 1.000000e-030 1.000000e-030 1.000000e-030 1.000000e-030 1.000000e-030 1.000000e-030 1.000000e-030 1.000000e-030 1.000000e-030 1.000000e-030 1.000000e-030 1.000000e-030 
1.000000e-030 4.777018e-002 8.434388e-001 1.514004e-197 1.000000e-030 1.000000e-030 1.000000e-030 1.000000e-030 1.000000e-030 1.087910e-001 1.000000e-030 2.209986e-192 1.000000e-030 1.000000e-030 1.000000e-030 1.000000e-030 1.000000e-030 1.000000e-030 1.000000e-030 1.000000e-030 1.000000e-030 1.000000e-030 1.000000e-030 1.000000e-030 1.000000e-030 1.000000e-030 1.000000e-030 1.000000e-030 1.000000e-030 1.000000e-030 1.000000e-030 1.000000e-030 
1.000000e-030 3.313164e-001 2.905724e-056 2.343042e-001 1.370112e-192 1.000000e-030 1.000000e-030 1.000000e-030 1.000000e-030 4.343794e-001 1.000000e-030 1.000000e-030 1.000000e-030 1.000000e-030 1.000000e-030 1.000000e-030 1.000000e-030 1.000000e-030 1.000000e-030 1.000000e-030 1.000000e-030 1.000000e-030 1.000000e-030 1.000000e-030 1.000000e-030 1.000000e-030 1.000000e-030 1.000000e-030 1.000000e-030 1.000000e-030 1.000000e-030 1.000000e-030 
1.000000e-030 3.804395e-002 4.944386e-001 8.897944e-130 3.803374e-002 1.000000e-030 1.000000e-030 1.000000e-030 1.000000e-030 8.718004e-002 1.000000e-030 2.662362e-001 1.000000e-030 1.000000e-030 1.000000e-030 1.000000e-030 1.000000e-030 1.000000e-030 1.000000e-030 1.000000e-030 1.000000e-030 1.000000e-030 1.000000e-030 1.000000e-030 1.000000e-030 1.000000e-030 1.000000e-030 7.606748e-002 1.000000e-030 1.000000e-030 1.000000e-030 1.000000e-030 
                             **************************************************************
Sample 3.......... 
P star:3.266749e-030 
 1   1   1   1   1   2   2   3   4   4   4   4   4   4   4   4   4   4   4   4   4   4   4   4   4   4   4   4   5   5   5   5   5   5   5   5   5   5   5   5   5   5   5   5   5   5   5   5   5   5   5   5   5   5   5   5   5   5   5   5  
Converged A matrix ......... 
0.800000 0.200000 0.000000 0.000000 0.000000 
0.000000 0.500000 0.500000 0.000000 0.000000 
0.000000 0.000000 0.879723 0.120277 0.000000 
0.000000 0.000000 0.000000 0.917407 0.082593 
0.000000 0.000000 0.000000 0.000000 1.000000 
Converged B matrix ......... 
1.000000e-030 5.507188e-149 8.000000e-001 2.000000e-001 1.000000e-030 1.000000e-030 1.000000e-030 1.000000e-030 1.000000e-030 2.073264e-052 1.000000e-030 1.000000e-030 1.000000e-030 1.000000e-030 1.000000e-030 1.000000e-030 1.000000e-030 1.000000e-030 1.000000e-030 1.000000e-030 1.000000e-030 1.000000e-030 1.000000e-030 1.000000e-030 1.000000e-030 2.132018e-299 1.000000e-030 1.000000e-030 1.000000e-030 1.000000e-030 1.000000e-030 1.000000e-030 
1.000000e-030 8.521936e-236 4.991114e-016 3.488783e-121 1.000000e-030 1.000000e-030 1.000000e-030 1.000000e-030 1.000000e-030 1.000000e+000 1.000000e-030 1.000000e-030 1.000000e-030 1.000000e-030 1.000000e-030 1.000000e-030 1.000000e-030 1.000000e-030 1.000000e-030 1.000000e-030 1.000000e-030 1.000000e-030 1.000000e-030 1.000000e-030 1.000000e-030 2.338078e-281 1.000000e-030 1.000000e-030 1.000000e-030 1.000000e-030 1.000000e-030 1.000000e-030 
1.000000e-030 2.934387e-002 9.706561e-001 5.195666e-245 1.000000e-030 1.000000e-030 1.000000e-030 1.000000e-030 1.000000e-030 3.056971e-068 1.000000e-030 1.000000e-030 1.000000e-030 1.000000e-030 1.000000e-030 1.000000e-030 1.000000e-030 1.000000e-030 1.000000e-030 1.000000e-030 1.000000e-030 1.000000e-030 1.000000e-030 1.000000e-030 1.000000e-030 2.900591e-215 1.000000e-030 1.000000e-030 1.000000e-030 1.000000e-030 1.000000e-030 1.000000e-030 
1.000000e-030 6.244301e-002 9.375570e-001 4.979503e-216 1.000000e-030 1.000000e-030 1.000000e-030 1.000000e-030 1.000000e-030 2.837944e-074 1.000000e-030 1.000000e-030 1.000000e-030 1.000000e-030 1.000000e-030 1.000000e-030 1.000000e-030 1.000000e-030 1.000000e-030 1.000000e-030 1.000000e-030 1.000000e-030 1.000000e-030 1.000000e-030 1.000000e-030 1.000000e-030 1.000000e-030 1.000000e-030 1.000000e-030 1.000000e-030 1.000000e-030 1.000000e-030 
1.000000e-030 7.511304e-129 3.247047e-001 1.227810e-001 1.000000e-030 1.000000e-030 1.000000e-030 1.000000e-030 1.000000e-030 2.762572e-001 1.000000e-030 9.208572e-002 1.000000e-030 1.000000e-030 1.000000e-030 1.000000e-030 1.000000e-030 1.000000e-030 1.000000e-030 1.000000e-030 1.000000e-030 1.000000e-030 1.000000e-030 1.000000e-030 1.000000e-030 1.534762e-001 1.000000e-030 3.069524e-002 1.000000e-030 1.000000e-030 1.000000e-030 1.000000e-030 
                             **************************************************************
Sample 4.......... 
P star:3.701137e-021 
 1   2   2   2   2   2   2   2   2   2   2   2   2   2   2   2   3   3   3   4   4   4   4   4   4   4   4   4   4   4   4   4   4   4   4   4   4   4   4   5   5   5   5   5   5   5   5   5   5   5   5   5   5   5   5   5   5   5   5   5  
Converged A matrix ......... 
0.000000 1.000000 0.000000 0.000000 0.000000 
0.000000 0.930658 0.069342 0.000000 0.000000 
0.000000 0.000000 0.782798 0.217202 0.000000 
0.000000 0.000000 0.000000 0.947026 0.052974 
0.000000 0.000000 0.000000 0.000000 1.000000 
Converged B matrix ......... 
1.000000e-030 1.000000e-030 1.000000e-030 1.000000e-030 1.000000e-030 1.000000e-030 1.000000e-030 1.000000e-030 1.000000e-030 1.000000e+000 1.000000e-030 1.000000e-030 1.000000e-030 1.000000e-030 1.000000e-030 1.000000e-030 1.000000e-030 1.000000e-030 1.000000e-030 1.000000e-030 1.000000e-030 1.000000e-030 1.000000e-030 1.000000e-030 1.000000e-030 1.000000e-030 1.000000e-030 1.000000e-030 1.000000e-030 1.000000e-030 1.000000e-030 1.000000e-030 
1.000000e-030 1.000000e-030 1.000000e+000 1.000000e-030 1.000000e-030 1.000000e-030 1.000000e-030 1.000000e-030 1.000000e-030 1.000000e-030 1.000000e-030 2.593599e-185 1.000000e-030 1.000000e-030 1.000000e-030 1.000000e-030 1.000000e-030 1.000000e-030 1.000000e-030 1.000000e-030 1.000000e-030 1.000000e-030 1.000000e-030 1.000000e-030 1.000000e-030 2.405553e-008 1.000000e-030 1.000000e-030 1.000000e-030 1.000000e-030 1.000000e-030 1.000000e-030 
1.000000e-030 1.000000e-030 4.358001e-001 8.333566e-233 1.000000e-030 1.000000e-030 1.000000e-030 1.000000e-030 1.000000e-030 1.297956e-001 1.000000e-030 2.172022e-001 1.000000e-030 1.000000e-030 1.000000e-030 1.000000e-030 1.000000e-030 1.000000e-030 1.000000e-030 1.000000e-030 1.000000e-030 1.000000e-030 1.000000e-030 1.000000e-030 1.000000e-030 2.172022e-001 1.000000e-030 1.000000e-030 1.000000e-030 1.000000e-030 1.000000e-030 1.000000e-030 
1.000000e-030 1.000000e-030 8.732967e-001 8.819032e-063 1.000000e-030 1.000000e-030 1.000000e-030 1.000000e-030 1.000000e-030 1.267033e-001 1.000000e-030 1.002106e-040 1.000000e-030 1.000000e-030 1.000000e-030 1.000000e-030 1.000000e-030 1.000000e-030 1.000000e-030 1.000000e-030 1.000000e-030 1.000000e-030 1.000000e-030 1.000000e-030 1.000000e-030 1.578212e-238 1.000000e-030 1.000000e-030 1.000000e-030 1.000000e-030 1.000000e-030 1.000000e-030 
1.000000e-030 1.000000e-030 5.152190e-002 1.895948e-001 1.000000e-030 1.000000e-030 1.000000e-030 1.000000e-030 1.000000e-030 3.322950e-001 1.000000e-030 4.265883e-001 1.000000e-030 1.000000e-030 1.000000e-030 1.000000e-030 1.000000e-030 1.000000e-030 1.000000e-030 1.000000e-030 1.000000e-030 1.000000e-030 1.000000e-030 1.000000e-030 1.000000e-030 7.302692e-152 1.000000e-030 1.000000e-030 1.000000e-030 1.000000e-030 1.000000e-030 1.000000e-030 
                             **************************************************************
Sample 5.......... 
P star:1.604993e-034 
 1   1   1   1   1   1   1   1   1   1   1   1   1   1   1   1   1   1   1   1   1   1   1   1   1   2   2   2   2   2   2   2   2   3   3   3   4   4   4   5   5   5   5   5   5   5   5   5   5   5   5   5   5   5   5   5   5   5   5   5  
Converged A matrix ......... 
0.939257 0.060743 0.000000 0.000000 0.000000 
0.000000 0.939902 0.060098 0.000000 0.000000 
0.000000 0.000000 0.654874 0.345126 0.000000 
0.000000 0.000000 0.000000 0.666667 0.333333 
0.000000 0.000000 0.000000 0.000000 1.000000 
Converged B matrix ......... 
1.000000e-030 3.765104e-001 5.165752e-001 1.069143e-001 1.000000e-030 1.000000e-030 1.000000e-030 1.000000e-030 1.000000e-030 6.587790e-046 1.000000e-030 1.000000e-030 1.000000e-030 1.000000e-030 1.000000e-030 1.000000e-030 1.000000e-030 1.000000e-030 1.000000e-030 1.000000e-030 1.000000e-030 1.000000e-030 1.000000e-030 1.000000e-030 1.000000e-030 1.000000e-030 1.000000e-030 1.000000e-030 1.000000e-030 1.000000e-030 1.000000e-030 1.000000e-030 
1.000000e-030 4.087565e-001 4.504717e-001 7.451372e-002 1.000000e-030 1.000000e-030 1.000000e-030 1.000000e-030 1.000000e-030 6.625814e-002 1.000000e-030 1.081995e-182 1.000000e-030 9.619333e-128 1.000000e-030 1.000000e-030 1.000000e-030 1.000000e-030 1.000000e-030 1.000000e-030 1.000000e-030 1.000000e-030 1.000000e-030 1.000000e-030 1.000000e-030 1.000000e-030 1.000000e-030 1.000000e-030 1.000000e-030 1.000000e-030 1.000000e-030 1.000000e-030 
1.000000e-030 1.098591e-027 1.492393e-018 3.892548e-071 1.000000e-030 1.000000e-030 1.000000e-030 1.000000e-030 1.000000e-030 1.000000e+000 1.000000e-030 2.762074e-127 1.000000e-030 1.000000e-030 1.000000e-030 1.000000e-030 1.000000e-030 1.000000e-030 1.000000e-030 1.000000e-030 1.000000e-030 1.000000e-030 1.000000e-030 1.000000e-030 1.000000e-030 1.000000e-030 1.000000e-030 1.000000e-030 1.000000e-030 1.000000e-030 1.000000e-030 1.000000e-030 
1.000000e-030 1.000000e+000 4.084335e-127 5.299079e-011 1.000000e-030 1.000000e-030 1.000000e-030 1.000000e-030 1.000000e-030 1.311473e-027 1.000000e-030 1.000000e-030 1.000000e-030 6.584986e-188 1.000000e-030 1.000000e-030 1.000000e-030 1.000000e-030 1.000000e-030 1.000000e-030 1.000000e-030 1.000000e-030 1.000000e-030 1.000000e-030 1.000000e-030 1.000000e-030 1.000000e-030 1.000000e-030 1.000000e-030 1.000000e-030 1.000000e-030 1.000000e-030 
1.000000e-030 7.655667e-106 1.904762e-001 2.380952e-001 1.000000e-030 1.000000e-030 1.000000e-030 1.000000e-030 1.000000e-030 2.380952e-001 1.000000e-030 1.904762e-001 1.000000e-030 1.428571e-001 1.000000e-030 1.000000e-030 1.000000e-030 1.000000e-030 1.000000e-030 1.000000e-030 1.000000e-030 1.000000e-030 1.000000e-030 1.000000e-030 1.000000e-030 1.000000e-030 1.000000e-030 1.000000e-030 1.000000e-030 1.000000e-030 1.000000e-030 1.000000e-030 
                             **************************************************************
Sample 6.......... 
P star:8.260304e-022 
 1   2   2   2   2   2   2   2   2   2   2   2   3   3   3   3   3   3   3   3   3   3   3   3   3   3   3   3   3   3   3   3   3   3   3   4   4   4   4   4   4   4   4   5   5   5   5   5   5   5   5   5   5   5   5   5   5   5   5   5  
Converged A matrix ......... 
0.820605 0.179395 0.000000 0.000000 0.000000 
0.000000 0.924741 0.075259 0.000000 0.000000 
0.000000 0.000000 0.918428 0.081572 0.000000 
0.000000 0.000000 0.000000 0.915818 0.084182 
0.000000 0.000000 0.000000 0.000000 1.000000 
Converged B matrix ......... 
1.000000e-030 9.999960e-001 1.766344e-118 1.000000e-030 1.000000e-030 1.000000e-030 1.000000e-030 1.000000e-030 1.000000e-030 4.007590e-006 1.000000e-030 1.000000e-030 1.000000e-030 1.000000e-030 1.000000e-030 1.000000e-030 1.000000e-030 1.000000e-030 1.000000e-030 1.000000e-030 1.000000e-030 1.000000e-030 1.000000e-030 1.000000e-030 1.000000e-030 1.000000e-030 1.000000e-030 1.000000e-030 1.000000e-030 1.000000e-030 1.000000e-030 1.000000e-030 
1.000000e-030 9.250647e-001 2.363490e-112 1.175948e-277 1.000000e-030 1.000000e-030 1.000000e-030 1.000000e-030 1.000000e-030 7.493529e-002 1.000000e-030 1.000000e-030 1.000000e-030 1.000000e-030 1.000000e-030 1.000000e-030 1.000000e-030 1.000000e-030 1.000000e-030 1.000000e-030 1.000000e-030 1.000000e-030 1.000000e-030 1.000000e-030 1.000000e-030 1.000000e-030 1.000000e-030 1.000000e-030 1.000000e-030 1.000000e-030 1.000000e-030 1.000000e-030 
1.000000e-030 1.000000e+000 6.589169e-070 1.000000e-030 1.000000e-030 1.000000e-030 1.000000e-030 1.000000e-030 1.000000e-030 4.083579e-018 1.000000e-030 1.000000e-030 1.000000e-030 7.821059e-321 1.000000e-030 1.000000e-030 1.000000e-030 1.000000e-030 1.000000e-030 1.000000e-030 1.000000e-030 1.000000e-030 1.000000e-030 1.000000e-030 1.000000e-030 1.000000e-030 1.000000e-030 1.000000e-030 1.000000e-030 1.000000e-030 1.000000e-030 1.000000e-030 
1.000000e-030 8.312762e-001 8.418201e-002 1.978143e-075 1.000000e-030 1.000000e-030 1.000000e-030 1.000000e-030 1.000000e-030 8.454175e-002 1.000000e-030 1.000000e-030 1.000000e-030 1.322690e-307 1.000000e-030 1.000000e-030 1.000000e-030 1.000000e-030 1.000000e-030 1.000000e-030 1.000000e-030 1.000000e-030 1.000000e-030 1.000000e-030 1.000000e-030 1.000000e-030 1.000000e-030 1.000000e-030 1.000000e-030 1.000000e-030 1.000000e-030 1.000000e-030 
1.000000e-030 3.725212e-110 1.764706e-001 4.117647e-001 1.000000e-030 1.000000e-030 1.000000e-030 1.000000e-030 1.000000e-030 1.764706e-001 1.000000e-030 5.882353e-002 1.000000e-030 1.176471e-001 5.882353e-002 1.000000e-030 1.000000e-030 1.000000e-030 1.000000e-030 1.000000e-030 1.000000e-030 1.000000e-030 1.000000e-030 1.000000e-030 1.000000e-030 1.000000e-030 1.000000e-030 1.000000e-030 1.000000e-030 1.000000e-030 1.000000e-030 1.000000e-030 
                             **************************************************************
Sample 7.......... 
P star:1.331351e-024 
 1   1   2   2   2   2   2   3   3   3   3   3   3   3   3   3   3   3   3   3   3   3   3   3   3   3   3   3   3   3   3   3   3   3   3   3   4   4   4   4   5   5   5   5   5   5   5   5   5   5   5   5   5   5   5   5   5   5   5   5  
Converged A matrix ......... 
0.500000 0.500000 0.000000 0.000000 0.000000 
0.000000 0.880788 0.119212 0.000000 0.000000 
0.000000 0.000000 0.948655 0.051345 0.000000 
0.000000 0.000000 0.000000 0.901338 0.098662 
0.000000 0.000000 0.000000 0.000000 1.000000 
Converged B matrix ......... 
1.000000e-030 5.000000e-001 6.251635e-049 1.000000e-030 1.000000e-030 1.000000e-030 1.000000e-030 1.000000e-030 1.000000e-030 1.000000e-030 1.000000e-030 1.000000e-030 1.000000e-030 1.000000e-030 1.000000e-030 1.000000e-030 1.000000e-030 1.000000e-030 1.000000e-030 1.000000e-030 1.000000e-030 1.000000e-030 1.000000e-030 1.000000e-030 1.000000e-030 1.000000e-030 1.000000e-030 5.000000e-001 1.000000e-030 1.000000e-030 1.000000e-030 1.000000e-030 
1.000000e-030 1.195951e-039 8.807881e-001 1.402439e-042 1.000000e-030 1.000000e-030 1.000000e-030 1.000000e-030 1.000000e-030 1.192119e-001 1.000000e-030 1.000000e-030 1.000000e-030 1.000000e-030 1.000000e-030 1.000000e-030 1.000000e-030 1.000000e-030 1.000000e-030 1.000000e-030 1.000000e-030 1.000000e-030 1.000000e-030 1.000000e-030 1.000000e-030 1.000000e-030 1.000000e-030 1.000000e-030 1.000000e-030 1.000000e-030 1.000000e-030 1.000000e-030 
1.000000e-030 1.000000e-030 8.973092e-001 1.026908e-001 1.000000e-030 1.000000e-030 1.000000e-030 1.000000e-030 1.000000e-030 2.178172e-032 1.000000e-030 1.000000e-030 1.000000e-030 1.000000e-030 1.000000e-030 1.000000e-030 1.000000e-030 1.000000e-030 1.000000e-030 1.000000e-030 1.000000e-030 1.000000e-030 1.000000e-030 1.000000e-030 1.000000e-030 1.000000e-030 1.000000e-030 1.000000e-030 1.000000e-030 1.000000e-030 1.000000e-030 1.000000e-030 
1.000000e-030 1.000000e-030 9.013382e-001 1.383795e-028 1.000000e-030 1.000000e-030 1.000000e-030 1.000000e-030 1.000000e-030 9.866184e-002 1.000000e-030 1.000000e-030 1.000000e-030 1.000000e-030 1.000000e-030 1.000000e-030 1.000000e-030 1.000000e-030 1.000000e-030 1.000000e-030 1.000000e-030 1.000000e-030 1.000000e-030 1.000000e-030 1.000000e-030 1.000000e-030 1.000000e-030 1.138390e-132 1.000000e-030 1.000000e-030 1.000000e-030 1.000000e-030 
1.000000e-030 1.000000e-030 6.331865e-121 3.000000e-001 1.000000e-001 1.000000e-030 1.000000e-030 1.000000e-030 1.000000e-030 1.000000e-030 1.000000e-030 4.000000e-001 5.000000e-002 5.000000e-002 1.000000e-030 1.000000e-030 1.000000e-030 1.000000e-030 1.000000e-030 1.000000e-030 1.000000e-030 1.000000e-030 1.000000e-030 1.000000e-030 1.000000e-030 1.000000e-030 1.000000e-030 1.000000e-001 1.000000e-030 1.000000e-030 1.000000e-030 1.000000e-030 
                             **************************************************************
Sample 8.......... 
P star:4.866582e-033 
 1   1   2   2   2   2   2   2   2   2   2   2   2   2   2   2   2   3   3   3   3   3   3   3   3   3   3   4   4   4   4   4   4   4   4   4   5   5   5   5   5   5   5   5   5   5   5   5   5   5   5   5   5   5   5   5   5   5   5   5  
Converged A matrix ......... 
0.703075 0.296925 0.000000 0.000000 0.000000 
0.000000 0.940216 0.059784 0.000000 0.000000 
0.000000 0.000000 0.853289 0.146711 0.000000 
0.000000 0.000000 0.000000 0.906240 0.093760 
0.000000 0.000000 0.000000 0.000000 1.000000 
Converged B matrix ......... 
1.000000e-030 1.000000e-030 7.315906e-001 1.000000e-030 1.000000e-030 1.000000e-030 1.000000e-030 1.000000e-030 1.000000e-030 2.684094e-001 1.000000e-030 1.097711e-037 1.000000e-030 1.000000e-030 1.000000e-030 1.000000e-030 1.000000e-030 1.000000e-030 1.000000e-030 1.000000e-030 1.000000e-030 1.000000e-030 1.000000e-030 1.000000e-030 1.000000e-030 1.220753e-207 1.000000e-030 1.000000e-030 1.000000e-030 1.000000e-030 1.000000e-030 1.000000e-030 
1.000000e-030 1.000000e-030 7.538329e-001 1.000000e-030 1.000000e-030 1.000000e-030 1.000000e-030 1.000000e-030 1.000000e-030 6.638486e-002 1.000000e-030 1.195684e-001 1.000000e-030 1.000000e-030 1.000000e-030 1.000000e-030 1.000000e-030 1.000000e-030 1.000000e-030 1.000000e-030 1.000000e-030 1.000000e-030 1.000000e-030 1.000000e-030 1.000000e-030 6.021382e-002 1.000000e-030 1.000000e-030 1.000000e-030 1.000000e-030 1.000000e-030 1.000000e-030 
1.000000e-030 6.988798e-237 1.000000e+000 1.000000e-030 1.000000e-030 1.000000e-030 1.000000e-030 1.000000e-030 1.000000e-030 1.082600e-042 1.000000e-030 1.137277e-010 1.000000e-030 1.000000e-030 1.000000e-030 1.000000e-030 1.000000e-030 1.000000e-030 1.000000e-030 1.000000e-030 1.000000e-030 1.000000e-030 1.000000e-030 1.000000e-030 1.000000e-030 1.219213e-165 1.000000e-030 1.000000e-030 1.000000e-030 1.000000e-030 1.000000e-030 1.000000e-030 
1.000000e-030 9.376007e-002 1.041422e-001 3.750403e-001 1.000000e-030 1.000000e-030 1.000000e-030 1.000000e-030 1.000000e-030 3.339712e-001 1.000000e-030 8.031283e-238 1.000000e-030 8.109136e-240 1.000000e-030 1.000000e-030 1.000000e-030 1.000000e-030 1.000000e-030 1.000000e-030 1.000000e-030 1.000000e-030 1.000000e-030 1.000000e-030 1.000000e-030 9.308628e-002 1.000000e-030 1.000000e-030 1.000000e-030 1.000000e-030 1.000000e-030 1.000000e-030 
1.000000e-030 1.000000e-030 1.337873e-001 4.944075e-097 1.000000e-030 1.000000e-030 1.000000e-030 1.000000e-030 1.000000e-030 3.756592e-001 4.459577e-002 3.121704e-001 1.000000e-030 8.919154e-002 1.000000e-030 1.000000e-030 1.000000e-030 1.000000e-030 1.000000e-030 1.000000e-030 1.000000e-030 1.000000e-030 1.000000e-030 1.000000e-030 1.000000e-030 1.000000e-030 1.000000e-030 4.459577e-002 1.000000e-030 1.000000e-030 1.000000e-030 1.000000e-030 
                             **************************************************************
Sample 9.......... 
P star:1.111153e-037 
 1   1   1   1   1   1   1   1   2   2   2   2   2   2   2   3   3   3   3   3   4   4   4   4   4   4   4   4   4   4   4   4   4   4   4   4   4   5   5   5   5   5   5   5   5   5   5   5   5   5   5   5   5   5   5   5   5   5   5   5  
Converged A matrix ......... 
0.875000 0.125000 0.000000 0.000000 0.000000 
0.000000 0.857143 0.142857 0.000000 0.000000 
0.000000 0.000000 0.784584 0.215416 0.000000 
0.000000 0.000000 0.000000 0.938927 0.061073 
0.000000 0.000000 0.000000 0.000000 1.000000 
Converged B matrix ......... 
1.000000e-030 3.297411e-090 8.750000e-001 1.000000e-030 1.000000e-030 1.000000e-030 1.000000e-030 1.000000e-030 1.000000e-030 1.250000e-001 1.000000e-030 1.000000e-030 1.000000e-030 1.000000e-030 1.000000e-030 1.000000e-030 1.000000e-030 1.000000e-030 1.000000e-030 1.000000e-030 1.000000e-030 1.000000e-030 1.000000e-030 1.000000e-030 1.000000e-030 1.000000e-030 1.000000e-030 1.000000e-030 1.000000e-030 1.000000e-030 1.000000e-030 1.000000e-030 
1.000000e-030 1.000000e+000 8.598171e-037 1.000000e-030 1.000000e-030 1.000000e-030 1.000000e-030 1.000000e-030 1.000000e-030 1.157602e-246 1.000000e-030 1.000000e-030 1.000000e-030 1.000000e-030 1.000000e-030 1.000000e-030 1.000000e-030 1.000000e-030 1.000000e-030 1.000000e-030 1.000000e-030 1.000000e-030 1.000000e-030 1.000000e-030 1.000000e-030 1.000000e-030 1.000000e-030 1.000000e-030 1.000000e-030 1.000000e-030 1.000000e-030 1.000000e-030 
1.000000e-030 1.152583e-063 5.691701e-001 1.523465e-039 1.000000e-030 1.000000e-030 1.000000e-030 1.000000e-030 1.000000e-030 2.154150e-001 1.000000e-030 1.000000e-030 1.000000e-030 1.000000e-030 1.000000e-030 1.000000e-030 1.000000e-030 1.000000e-030 1.000000e-030 1.000000e-030 1.000000e-030 1.000000e-030 1.000000e-030 1.000000e-030 1.000000e-030 2.154150e-001 1.000000e-030 1.000000e-030 1.000000e-030 1.000000e-030 1.000000e-030 1.000000e-030 
1.000000e-030 3.519051e-001 2.649833e-001 3.224440e-001 1.000000e-030 1.000000e-030 1.000000e-030 1.000000e-030 1.000000e-030 6.922786e-045 1.000000e-030 1.000000e-030 1.000000e-030 1.000000e-030 1.000000e-030 1.000000e-030 1.000000e-030 1.000000e-030 1.000000e-030 1.000000e-030 1.000000e-030 1.000000e-030 1.000000e-030 1.000000e-030 1.000000e-030 6.066762e-002 1.000000e-030 1.000000e-030 1.000000e-030 1.000000e-030 1.000000e-030 1.000000e-030 
1.000000e-030 1.350061e-001 2.092655e-001 1.551190e-001 1.000000e-030 1.000000e-030 1.000000e-030 1.000000e-030 1.000000e-030 2.084719e-001 4.169435e-002 1.667774e-001 1.000000e-030 1.000000e-030 1.000000e-030 1.000000e-030 1.000000e-030 1.000000e-030 1.000000e-030 1.000000e-030 1.000000e-030 1.000000e-030 1.000000e-030 1.000000e-030 1.000000e-030 4.197152e-002 1.000000e-030 4.169435e-002 1.000000e-030 1.000000e-030 1.000000e-030 1.000000e-030 
                             **************************************************************
Sample 10.......... 
P star:1.946383e-032 
 1   1   1   1   1   2   2   2   2   2   2   2   2   2   2   2   2   2   2   2   2   2   2   2   3   3   3   4   4   4   4   4   4   4   4   5   5   5   5   5   5   5   5   5   5   5   5   5   5   5   5   5   5   5   5   5   5   5   5   5  
Converged A matrix ......... 
0.854016 0.145984 0.000000 0.000000 0.000000 
0.000000 0.943264 0.056736 0.000000 0.000000 
0.000000 0.000000 0.603864 0.396136 0.000000 
0.000000 0.000000 0.000000 0.871614 0.128386 
0.000000 0.000000 0.000000 0.000000 1.000000 
Converged B matrix ......... 
1.000000e-030 9.711234e-002 9.028877e-001 5.109035e-269 1.000000e-030 1.496195e-032 1.000000e-030 1.000000e-030 1.000000e-030 1.000000e-030 1.000000e-030 1.000000e-030 1.000000e-030 1.000000e-030 1.000000e-030 1.000000e-030 1.000000e-030 1.000000e-030 1.000000e-030 1.000000e-030 1.000000e-030 1.000000e-030 1.000000e-030 1.000000e-030 1.000000e-030 1.000000e-030 1.000000e-030 1.000000e-030 1.000000e-030 1.000000e-030 1.000000e-030 1.000000e-030 
1.000000e-030 1.594497e-001 7.838146e-001 1.000000e-030 1.000000e-030 5.673574e-002 1.000000e-030 1.000000e-030 1.000000e-030 1.985587e-269 1.000000e-030 1.000000e-030 1.000000e-030 1.000000e-030 1.000000e-030 1.000000e-030 1.000000e-030 1.000000e-030 1.000000e-030 1.000000e-030 1.000000e-030 1.000000e-030 1.000000e-030 1.000000e-030 1.000000e-030 1.000000e-030 1.000000e-030 1.000000e-030 1.000000e-030 1.000000e-030 1.000000e-030 1.000000e-030 
1.000000e-030 6.038637e-001 7.278012e-018 3.961363e-001 1.000000e-030 1.000000e-030 1.000000e-030 1.000000e-030 1.000000e-030 6.219074e-208 1.000000e-030 1.000000e-030 1.000000e-030 1.000000e-030 1.000000e-030 1.000000e-030 1.000000e-030 1.000000e-030 1.000000e-030 1.000000e-030 1.000000e-030 1.000000e-030 1.000000e-030 1.000000e-030 1.000000e-030 1.000000e-030 1.000000e-030 1.000000e-030 1.000000e-030 1.000000e-030 1.000000e-030 1.000000e-030 
1.000000e-030 2.947387e-219 6.161616e-001 4.654395e-036 1.000000e-030 2.925694e-265 1.000000e-030 1.000000e-030 1.000000e-030 3.838384e-001 1.000000e-030 1.000000e-030 1.000000e-030 1.000000e-030 1.000000e-030 1.000000e-030 1.000000e-030 1.000000e-030 1.000000e-030 1.000000e-030 1.000000e-030 1.000000e-030 1.000000e-030 1.000000e-030 1.000000e-030 3.329214e-013 1.000000e-030 1.000000e-030 1.000000e-030 1.000000e-030 1.000000e-030 1.000000e-030 
1.000000e-030 1.445622e-187 8.729119e-002 2.379917e-001 1.000000e-030 1.000000e-030 1.000000e-030 1.000000e-030 1.000000e-030 1.194031e-001 1.000000e-030 3.173223e-001 1.000000e-030 1.000000e-030 1.000000e-030 1.000000e-030 1.000000e-030 1.000000e-030 1.000000e-030 1.000000e-030 1.000000e-030 1.000000e-030 1.000000e-030 1.000000e-030 1.000000e-030 1.189959e-001 1.000000e-030 1.189959e-001 1.000000e-030 1.000000e-030 1.000000e-030 1.000000e-030 
                             **************************************************************
Sample 11.......... 
P star:9.698103e-023 
 1   2   2   2   2   2   2   2   2   2   2   3   3   3   3   3   3   3   3   3   3   3   3   3   3   3   3   3   3   3   3   3   3   4   4   4   5   5   5   5   5   5   5   5   5   5   5   5   5   5   5   5   5   5   5   5   5   5   5   5  
Converged A matrix ......... 
0.797454 0.202546 0.000000 0.000000 0.000000 
0.000000 0.924241 0.075759 0.000000 0.000000 
0.000000 0.000000 0.930545 0.069455 0.000000 
0.000000 0.000000 0.000000 0.711420 0.288580 
0.000000 0.000000 0.000000 0.000000 1.000000 
Converged B matrix ......... 
1.000000e-030 1.000000e-030 9.999997e-001 1.000000e-030 1.000000e-030 1.000000e-030 1.000000e-030 1.000000e-030 1.000000e-030 1.000000e-030 1.000000e-030 3.327762e-007 1.000000e-030 1.000000e-030 1.000000e-030 1.000000e-030 1.000000e-030 1.000000e-030 1.000000e-030 1.000000e-030 1.000000e-030 1.000000e-030 1.000000e-030 1.000000e-030 1.000000e-030 1.000000e-030 1.000000e-030 1.000000e-030 1.000000e-030 1.000000e-030 1.000000e-030 1.000000e-030 
1.000000e-030 1.000000e-030 9.242416e-001 1.000000e-030 1.000000e-030 1.000000e-030 1.000000e-030 1.000000e-030 1.000000e-030 1.000000e-030 1.000000e-030 7.575844e-002 1.000000e-030 1.000000e-030 1.000000e-030 1.000000e-030 1.000000e-030 1.000000e-030 1.000000e-030 1.000000e-030 1.000000e-030 1.000000e-030 1.000000e-030 1.000000e-030 1.000000e-030 1.000000e-030 1.000000e-030 1.552470e-062 1.000000e-030 1.000000e-030 1.000000e-030 1.000000e-030 
1.000000e-030 1.000000e-030 1.000000e+000 5.486057e-138 1.000000e-030 1.000000e-030 1.000000e-030 1.000000e-030 1.000000e-030 1.423298e-062 1.000000e-030 1.707951e-023 1.000000e-030 1.000000e-030 1.000000e-030 1.000000e-030 1.000000e-030 1.000000e-030 1.000000e-030 1.000000e-030 1.000000e-030 1.000000e-030 1.000000e-030 1.000000e-030 1.000000e-030 1.000000e-030 1.000000e-030 2.088013e-102 1.000000e-030 1.000000e-030 1.000000e-030 1.000000e-030 
1.000000e-030 1.000000e-030 4.228395e-001 8.050384e-048 1.000000e-030 1.000000e-030 1.000000e-030 1.000000e-030 1.000000e-030 2.885802e-001 1.000000e-030 2.716484e-264 1.000000e-030 6.642552e-238 1.000000e-030 1.000000e-030 1.000000e-030 1.000000e-030 1.000000e-030 1.000000e-030 1.000000e-030 1.000000e-030 1.000000e-030 1.000000e-030 1.000000e-030 1.000000e-030 1.000000e-030 2.885802e-001 1.000000e-030 1.000000e-030 1.000000e-030 1.000000e-030 
1.000000e-030 1.000000e-030 1.737763e-029 2.083333e-001 1.000000e-030 1.000000e-030 1.000000e-030 1.000000e-030 1.000000e-030 4.166667e-001 1.000000e-030 2.500000e-001 1.000000e-030 4.166667e-002 1.000000e-030 1.000000e-030 1.000000e-030 1.000000e-030 1.000000e-030 1.000000e-030 1.000000e-030 1.000000e-030 1.000000e-030 1.000000e-030 1.000000e-030 1.000000e-030 1.000000e-030 8.333333e-002 1.000000e-030 1.000000e-030 1.000000e-030 1.000000e-030 
                             **************************************************************
Sample 12.......... 
P star:4.547656e-028 
 1   1   1   1   1   1   2   3   3   3   3   3   3   4   4   4   4   4   4   4   4   4   4   4   4   4   4   4   4   4   4   5   5   5   5   5   5   5   5   5   5   5   5   5   5   5   5   5   5   5   5   5   5   5   5   5   5   5   5   5  
Converged A matrix ......... 
0.746390 0.253610 0.000000 0.000000 0.000000 
0.000000 0.799864 0.200136 0.000000 0.000000 
0.000000 0.000000 0.882509 0.117491 0.000000 
0.000000 0.000000 0.000000 0.925194 0.074806 
0.000000 0.000000 0.000000 0.000000 1.000000 
Converged B matrix ......... 
1.000000e-030 9.239442e-018 1.000000e+000 1.000000e-030 1.000000e-030 1.000000e-030 1.000000e-030 1.000000e-030 1.000000e-030 1.769649e-171 1.000000e-030 1.000000e-030 1.000000e-030 1.000000e-030 1.000000e-030 1.000000e-030 1.000000e-030 1.000000e-030 1.000000e-030 1.000000e-030 1.000000e-030 1.000000e-030 1.000000e-030 1.000000e-030 1.000000e-030 1.000000e-030 1.000000e-030 1.000000e-030 1.000000e-030 1.000000e-030 1.000000e-030 1.000000e-030 
1.000000e-030 2.001362e-001 7.998638e-001 7.958126e-224 1.000000e-030 1.000000e-030 1.000000e-030 1.000000e-030 1.000000e-030 4.999627e-038 1.000000e-030 1.000000e-030 1.000000e-030 1.000000e-030 1.000000e-030 1.000000e-030 1.000000e-030 1.000000e-030 1.000000e-030 1.000000e-030 1.000000e-030 1.000000e-030 1.000000e-030 1.000000e-030 1.000000e-030 1.314666e-165 1.000000e-030 1.000000e-030 1.000000e-030 1.000000e-030 1.000000e-030 1.000000e-030 
1.000000e-030 9.487709e-038 8.825089e-001 2.615395e-120 1.000000e-030 1.000000e-030 1.000000e-030 1.000000e-030 1.000000e-030 1.174911e-001 1.000000e-030 2.579568e-211 1.000000e-030 1.000000e-030 1.000000e-030 1.000000e-030 1.000000e-030 1.000000e-030 1.000000e-030 1.000000e-030 1.000000e-030 1.000000e-030 1.000000e-030 1.000000e-030 1.000000e-030 6.093497e-091 1.000000e-030 1.000000e-030 1.000000e-030 1.000000e-030 1.000000e-030 1.000000e-030 
1.000000e-030 1.852617e-192 1.000000e+000 1.939857e-091 1.000000e-030 1.000000e-030 1.000000e-030 1.000000e-030 1.000000e-030 8.668281e-025 1.000000e-030 3.188805e-182 1.000000e-030 1.000000e-030 1.000000e-030 1.000000e-030 1.000000e-030 1.000000e-030 1.000000e-030 1.000000e-030 1.000000e-030 1.000000e-030 1.000000e-030 1.000000e-030 1.000000e-030 6.110257e-265 1.000000e-030 2.428498e-299 1.000000e-030 1.000000e-030 1.000000e-030 1.000000e-030 
1.000000e-030 4.733202e-050 1.432835e-001 1.028060e-001 1.000000e-030 1.000000e-030 1.000000e-030 1.000000e-030 1.000000e-030 3.769553e-001 1.000000e-030 1.713433e-001 1.000000e-030 1.000000e-030 1.000000e-030 1.000000e-030 1.000000e-030 1.000000e-030 1.000000e-030 1.000000e-030 1.000000e-030 1.000000e-030 1.000000e-030 1.000000e-030 1.000000e-030 6.853732e-002 1.000000e-030 1.370746e-001 1.000000e-030 1.000000e-030 1.000000e-030 1.000000e-030 
                             **************************************************************
Sample 13.......... 
P star:1.118918e-025 
 1   2   2   2   2   2   2   2   2   2   2   2   2   2   2   3   3   3   3   3   3   3   3   3   3   3   3   4   4   4   4   4   4   4   4   4   4   4   4   4   4   4   4   4   4   4   4   4   4   4   5   5   5   5   5   5   5   5   5   5  
Converged A matrix ......... 
0.717623 0.282377 0.000000 0.000000 0.000000 
0.000000 0.904923 0.095077 0.000000 0.000000 
0.000000 0.000000 0.921597 0.078403 0.000000 
0.000000 0.000000 0.000000 0.956871 0.043129 
0.000000 0.000000 0.000000 0.000000 1.000000 
Converged B matrix ......... 
1.000000e-030 3.052015e-003 9.969480e-001 1.000000e-030 1.000000e-030 1.000000e-030 1.000000e-030 1.000000e-030 1.000000e-030 9.765995e-100 1.000000e-030 1.000000e-030 1.000000e-030 1.000000e-030 1.000000e-030 1.000000e-030 1.000000e-030 1.000000e-030 1.000000e-030 1.000000e-030 1.000000e-030 1.000000e-030 1.000000e-030 1.000000e-030 1.000000e-030 1.000000e-030 1.000000e-030 1.000000e-030 1.000000e-030 1.000000e-030 1.000000e-030 1.000000e-030 
1.000000e-030 1.122561e-001 7.925483e-001 1.000000e-030 1.000000e-030 1.000000e-030 1.000000e-030 1.000000e-030 1.000000e-030 9.519562e-002 1.000000e-030 1.000000e-030 1.000000e-030 1.000000e-030 1.000000e-030 1.000000e-030 1.000000e-030 1.000000e-030 1.000000e-030 1.000000e-030 1.000000e-030 1.000000e-030 1.000000e-030 1.000000e-030 1.000000e-030 1.000000e-030 1.000000e-030 1.000000e-030 1.000000e-030 1.000000e-030 1.000000e-030 1.000000e-030 
1.000000e-030 5.014166e-001 4.985834e-001 2.482014e-276 1.000000e-030 1.000000e-030 1.000000e-030 1.000000e-030 1.000000e-030 1.285224e-049 1.000000e-030 1.000000e-030 1.000000e-030 1.000000e-030 1.000000e-030 1.000000e-030 1.000000e-030 1.000000e-030 1.000000e-030 1.000000e-030 1.000000e-030 1.000000e-030 1.000000e-030 1.000000e-030 1.000000e-030 1.000000e-030 1.000000e-030 1.000000e-030 1.000000e-030 1.000000e-030 1.000000e-030 1.000000e-030 
1.000000e-030 1.040748e-001 7.234622e-001 2.340372e-119 1.000000e-030 1.000000e-030 1.000000e-030 1.000000e-030 1.000000e-030 1.724630e-001 1.000000e-030 1.000000e-030 1.000000e-030 1.000000e-030 1.000000e-030 1.000000e-030 1.000000e-030 1.000000e-030 1.000000e-030 1.000000e-030 1.000000e-030 1.000000e-030 1.000000e-030 1.000000e-030 1.000000e-030 1.000000e-030 1.000000e-030 1.000000e-030 1.000000e-030 1.000000e-030 1.000000e-030 1.000000e-030 
1.000000e-030 1.000000e-030 6.161148e-063 6.000000e-001 1.000000e-030 1.000000e-030 1.000000e-030 1.000000e-030 1.000000e-030 1.000000e-001 1.000000e-030 1.000000e-030 1.000000e-030 1.000000e-001 1.000000e-001 1.000000e-030 1.000000e-001 1.000000e-030 1.000000e-030 1.000000e-030 1.000000e-030 1.000000e-030 1.000000e-030 1.000000e-030 1.000000e-030 1.000000e-030 1.000000e-030 1.000000e-030 1.000000e-030 1.000000e-030 1.000000e-030 1.000000e-030 
                             **************************************************************
Sample 14.......... 
P star:6.860421e-025 
 1   1   1   1   2   2   3   3   3   3   3   3   3   3   3   3   3   3   3   3   3   3   3   3   3   3   3   3   4   4   4   4   4   4   4   4   4   4   4   4   4   4   4   4   4   5   5   5   5   5   5   5   5   5   5   5   5   5   5   5  
Converged A matrix ......... 
0.750000 0.250000 0.000000 0.000000 0.000000 
0.000000 0.915101 0.084899 0.000000 0.000000 
0.000000 0.000000 0.915101 0.084899 0.000000 
0.000000 0.000000 0.000000 0.942669 0.057331 
0.000000 0.000000 0.000000 0.000000 1.000000 
Converged B matrix ......... 
1.000000e-030 4.414869e-071 7.500000e-001 1.000000e-030 1.000000e-030 1.000000e-030 1.000000e-030 1.000000e-030 1.000000e-030 2.500000e-001 1.000000e-030 1.000000e-030 1.000000e-030 1.000000e-030 1.000000e-030 1.000000e-030 1.000000e-030 1.000000e-030 1.000000e-030 1.000000e-030 1.000000e-030 1.000000e-030 1.000000e-030 1.000000e-030 1.000000e-030 1.000000e-030 1.000000e-030 1.000000e-030 1.000000e-030 1.000000e-030 1.000000e-030 1.000000e-030 
1.000000e-030 1.000000e+000 2.152976e-082 1.000000e-030 1.000000e-030 1.000000e-030 1.000000e-030 1.000000e-030 1.000000e-030 1.000000e-030 1.000000e-030 1.000000e-030 1.000000e-030 1.000000e-030 1.000000e-030 1.000000e-030 1.000000e-030 1.000000e-030 1.000000e-030 1.000000e-030 1.000000e-030 1.000000e-030 1.000000e-030 1.000000e-030 1.000000e-030 1.000000e-030 1.000000e-030 1.000000e-030 1.000000e-030 1.000000e-030 1.000000e-030 1.000000e-030 
1.000000e-030 1.000000e+000 4.817787e-079 1.000000e-030 1.000000e-030 1.000000e-030 1.000000e-030 1.000000e-030 1.000000e-030 1.000000e-030 1.000000e-030 1.000000e-030 1.000000e-030 1.000000e-030 1.000000e-030 1.000000e-030 1.000000e-030 1.000000e-030 1.000000e-030 1.000000e-030 1.000000e-030 1.000000e-030 1.000000e-030 1.000000e-030 1.000000e-030 1.000000e-030 1.000000e-030 1.000000e-030 1.000000e-030 1.000000e-030 1.000000e-030 1.000000e-030 
1.000000e-030 3.120333e-001 3.439833e-001 3.439833e-001 1.000000e-030 1.000000e-030 1.000000e-030 1.000000e-030 1.000000e-030 5.143315e-129 1.000000e-030 2.423505e-216 1.000000e-030 7.272669e-158 1.000000e-030 1.000000e-030 3.426846e-245 1.000000e-030 1.000000e-030 1.028358e-186 1.000000e-030 1.000000e-030 1.000000e-030 1.000000e-030 1.000000e-030 1.000000e-030 1.000000e-030 1.000000e-030 1.000000e-030 1.000000e-030 1.000000e-030 1.000000e-030 
1.000000e-030 1.000000e-030 6.859797e-064 1.000000e-030 1.000000e-030 1.000000e-030 1.000000e-030 1.000000e-030 1.000000e-030 3.333333e-001 1.000000e-030 4.000000e-001 1.000000e-030 6.666667e-002 1.000000e-030 1.000000e-030 6.666667e-002 1.000000e-030 1.000000e-030 6.666667e-002 1.000000e-030 1.000000e-030 1.000000e-030 1.000000e-030 1.000000e-030 6.666667e-002 1.000000e-030 1.000000e-030 1.000000e-030 1.000000e-030 1.000000e-030 1.000000e-030 
                             **************************************************************
Sample 15.......... 
P star:5.198323e-023 
 1   1   1   1   1   1   1   1   1   1   1   1   1   1   1   1   1   1   1   1   1   2   3   3   3   3   4   4   4   4   4   4   4   4   4   4   4   4   4   4   4   5   5   5   5   5   5   5   5   5   5   5   5   5   5   5   5   5   5   5  
Converged A matrix ......... 
0.908704 0.091296 0.000000 0.000000 0.000000 
0.000000 0.904418 0.095582 0.000000 0.000000 
0.000000 0.000000 0.805903 0.194097 0.000000 
0.000000 0.000000 0.000000 0.929639 0.070361 
0.000000 0.000000 0.000000 0.000000 1.000000 
Converged B matrix ......... 
1.000000e-030 4.861399e-002 9.513860e-001 2.275685e-208 1.000000e-030 1.000000e-030 1.000000e-030 1.000000e-030 1.000000e-030 1.422491e-295 1.000000e-030 5.533152e-062 1.000000e-030 1.000000e-030 1.000000e-030 1.000000e-030 1.000000e-030 1.000000e-030 1.000000e-030 1.000000e-030 1.000000e-030 1.000000e-030 1.000000e-030 1.000000e-030 1.000000e-030 1.000000e-030 1.000000e-030 1.000000e-030 1.000000e-030 1.000000e-030 1.000000e-030 1.000000e-030 
1.000000e-030 4.468575e-002 9.553143e-001 2.739548e-207 1.000000e-030 1.000000e-030 1.000000e-030 1.000000e-030 1.000000e-030 3.217861e-265 1.000000e-030 6.221221e-094 1.000000e-030 1.482197e-323 1.000000e-030 1.000000e-030 1.000000e-030 1.000000e-030 1.000000e-030 1.000000e-030 1.000000e-030 1.000000e-030 1.000000e-030 1.000000e-030 1.000000e-030 1.000000e-030 1.000000e-030 1.000000e-030 1.000000e-030 1.000000e-030 1.000000e-030 1.000000e-030 
1.000000e-030 1.516071e-108 4.177084e-001 2.936121e-227 1.000000e-030 1.000000e-030 1.000000e-030 1.000000e-030 1.000000e-030 5.176069e-235 1.000000e-030 5.822916e-001 1.000000e-030 1.256925e-293 1.000000e-030 1.000000e-030 1.000000e-030 1.000000e-030 1.000000e-030 1.000000e-030 1.000000e-030 1.000000e-030 1.000000e-030 1.000000e-030 1.000000e-030 1.000000e-030 1.000000e-030 1.000000e-030 1.000000e-030 1.000000e-030 1.000000e-030 1.000000e-030 
1.000000e-030 2.123667e-223 1.000000e+000 4.833587e-061 1.000000e-030 1.000000e-030 1.000000e-030 1.000000e-030 1.000000e-030 1.501519e-235 1.000000e-030 1.384288e-048 1.000000e-030 1.946806e-264 1.000000e-030 1.000000e-030 1.000000e-030 1.000000e-030 1.000000e-030 1.000000e-030 1.000000e-030 1.000000e-030 1.000000e-030 1.000000e-030 1.000000e-030 1.000000e-030 1.000000e-030 1.000000e-030 1.000000e-030 1.000000e-030 1.000000e-030 1.000000e-030 
1.000000e-030 2.105016e-153 1.675259e-001 2.081185e-001 1.000000e-030 1.000000e-030 1.000000e-030 1.000000e-030 1.000000e-030 5.202963e-002 1.000000e-030 2.601482e-001 1.000000e-030 2.081185e-001 1.000000e-030 1.000000e-030 1.000000e-030 1.000000e-030 1.000000e-030 1.040593e-001 1.000000e-030 1.000000e-030 1.000000e-030 1.000000e-030 1.000000e-030 1.000000e-030 1.000000e-030 1.000000e-030 1.000000e-030 1.000000e-030 1.000000e-030 1.000000e-030 
                             **************************************************************
Sample 16.......... 
P star:7.780958e-018 
 1   1   1   1   1   2   2   2   2   2   2   2   2   2   2   2   2   2   2   2   2   2   2   3   3   4   4   4   4   4   4   4   4   4   4   4   4   4   4   4   4   4   4   4   4   4   4   4   4   4   4   4   4   4   4   4   5   5   5   5  
Converged A matrix ......... 
0.906137 0.093863 0.000000 0.000000 0.000000 
0.000000 0.918871 0.081129 0.000000 0.000000 
0.000000 0.000000 0.466684 0.533316 0.000000 
0.000000 0.000000 0.000000 0.967892 0.032108 
0.000000 0.000000 0.000000 0.000000 1.000000 
Converged B matrix ......... 
1.000000e-030 9.376385e-002 9.062362e-001 1.000000e-030 1.000000e-030 1.000000e-030 1.000000e-030 1.000000e-030 1.000000e-030 5.358238e-181 1.000000e-030 1.000000e-030 1.000000e-030 1.000000e-030 1.000000e-030 1.000000e-030 1.000000e-030 1.000000e-030 1.000000e-030 1.000000e-030 1.000000e-030 1.000000e-030 1.000000e-030 1.000000e-030 1.000000e-030 1.000000e-030 1.000000e-030 1.000000e-030 1.000000e-030 1.000000e-030 1.000000e-030 1.000000e-030 
1.000000e-030 3.289034e-019 1.000000e+000 1.000000e-030 1.000000e-030 1.000000e-030 1.000000e-030 1.000000e-030 1.000000e-030 1.987936e-094 1.000000e-030 9.086587e-102 1.000000e-030 1.000000e-030 1.000000e-030 1.000000e-030 1.000000e-030 1.000000e-030 1.000000e-030 1.000000e-030 1.000000e-030 1.000000e-030 1.000000e-030 1.000000e-030 1.000000e-030 1.000000e-030 1.000000e-030 1.000000e-030 1.000000e-030 1.000000e-030 1.000000e-030 1.000000e-030 
1.000000e-030 1.000000e+000 1.605485e-020 1.000000e-030 1.000000e-030 1.000000e-030 1.000000e-030 1.000000e-030 1.000000e-030 2.102374e-159 1.000000e-030 2.718388e-279 1.000000e-030 1.000000e-030 1.000000e-030 1.000000e-030 1.000000e-030 1.000000e-030 1.000000e-030 1.000000e-030 1.000000e-030 1.000000e-030 1.000000e-030 1.000000e-030 1.000000e-030 1.000000e-030 1.000000e-030 1.000000e-030 1.000000e-030 1.000000e-030 1.000000e-030 1.000000e-030 
1.000000e-030 6.826124e-002 7.711994e-001 1.735409e-160 1.000000e-030 1.000000e-030 1.000000e-030 1.000000e-030 1.000000e-030 6.421573e-002 1.000000e-030 9.632360e-002 1.000000e-030 1.000000e-030 1.000000e-030 1.000000e-030 1.000000e-030 1.000000e-030 1.000000e-030 1.000000e-030 1.000000e-030 1.000000e-030 1.000000e-030 1.000000e-030 1.000000e-030 1.000000e-030 1.000000e-030 1.000000e-030 1.000000e-030 1.000000e-030 1.000000e-030 1.000000e-030 
1.000000e-030 1.000000e-030 7.686207e-045 1.000000e+000 1.000000e-030 1.000000e-030 1.000000e-030 1.000000e-030 1.000000e-030 1.000000e-030 1.000000e-030 1.616420e-289 1.000000e-030 1.000000e-030 1.000000e-030 1.000000e-030 1.000000e-030 1.000000e-030 1.000000e-030 1.000000e-030 1.000000e-030 1.000000e-030 1.000000e-030 1.000000e-030 1.000000e-030 1.000000e-030 1.000000e-030 1.000000e-030 1.000000e-030 1.000000e-030 1.000000e-030 1.000000e-030 
                             **************************************************************
Sample 17.......... 
P star:6.043121e-021 
 1   1   1   1   1   1   1   1   1   1   1   1   1   1   1   1   2   2   2   2   2   2   2   2   2   2   2   2   2   2   3   3   3   4   4   4   4   4   4   4   4   4   4   4   4   4   4   4   4   4   4   4   4   5   5   5   5   5   5   5  
Converged A matrix ......... 
0.951993 0.048007 0.000000 0.000000 0.000000 
0.000000 0.869897 0.130103 0.000000 0.000000 
0.000000 0.000000 0.777820 0.222180 0.000000 
0.000000 0.000000 0.000000 0.949956 0.050044 
0.000000 0.000000 0.000000 0.000000 1.000000 
Converged B matrix ......... 
1.000000e-030 4.738488e-002 8.575208e-001 8.292627e-247 1.000000e-030 1.000000e-030 1.000000e-030 1.000000e-030 1.000000e-030 5.953005e-126 1.000000e-030 9.509432e-002 1.000000e-030 1.000000e-030 1.000000e-030 1.000000e-030 1.000000e-030 1.000000e-030 1.000000e-030 1.000000e-030 1.000000e-030 1.000000e-030 1.000000e-030 1.000000e-030 1.000000e-030 1.000000e-030 1.000000e-030 1.000000e-030 1.000000e-030 1.000000e-030 1.000000e-030 1.000000e-030 
1.000000e-030 3.977498e-006 9.999959e-001 3.524621e-245 1.000000e-030 1.000000e-030 1.000000e-030 1.000000e-030 1.000000e-030 2.921902e-174 1.000000e-030 1.286515e-007 1.000000e-030 1.000000e-030 1.000000e-030 1.000000e-030 1.000000e-030 1.000000e-030 1.000000e-030 1.000000e-030 1.000000e-030 1.000000e-030 1.000000e-030 1.000000e-030 1.000000e-030 1.000000e-030 1.000000e-030 1.000000e-030 1.000000e-030 1.000000e-030 1.000000e-030 1.000000e-030 
1.000000e-030 3.873810e-001 6.126190e-001 1.071883e-244 1.000000e-030 1.000000e-030 1.000000e-030 1.000000e-030 1.000000e-030 1.505712e-204 1.000000e-030 3.740074e-062 1.000000e-030 1.000000e-030 1.000000e-030 1.000000e-030 1.000000e-030 1.000000e-030 1.000000e-030 1.000000e-030 1.000000e-030 1.000000e-030 1.000000e-030 1.000000e-030 1.000000e-030 1.000000e-030 1.000000e-030 1.000000e-030 1.000000e-030 1.000000e-030 1.000000e-030 1.000000e-030 
1.000000e-030 6.352431e-002 7.353427e-001 4.447738e-114 1.000000e-030 1.000000e-030 1.000000e-030 1.000000e-030 1.000000e-030 5.004363e-002 1.000000e-030 1.510893e-001 1.000000e-030 1.000000e-030 1.000000e-030 1.000000e-030 1.000000e-030 1.000000e-030 1.000000e-030 1.000000e-030 1.000000e-030 1.000000e-030 1.000000e-030 1.000000e-030 1.000000e-030 1.000000e-030 1.000000e-030 1.000000e-030 1.000000e-030 1.000000e-030 1.000000e-030 1.000000e-030 
1.000000e-030 1.000000e-030 4.696724e-066 5.714286e-001 1.000000e-030 1.000000e-030 1.000000e-030 1.000000e-030 1.000000e-030 4.285714e-001 1.000000e-030 1.000000e-030 1.000000e-030 1.000000e-030 1.000000e-030 1.000000e-030 1.000000e-030 1.000000e-030 1.000000e-030 1.000000e-030 1.000000e-030 1.000000e-030 1.000000e-030 1.000000e-030 1.000000e-030 1.000000e-030 1.000000e-030 1.000000e-030 1.000000e-030 1.000000e-030 1.000000e-030 1.000000e-030 
                             **************************************************************
Sample 18.......... 
P star:8.044123e-024 
 1   2   2   2   2   2   2   2   2   2   2   2   2   2   2   2   2   2   2   3   3   3   3   3   3   3   3   3   3   3   3   3   3   3   3   3   3   3   3   3   3   3   3   4   4   4   4   4   4   5   5   5   5   5   5   5   5   5   5   5  
Converged A matrix ......... 
0.799369 0.200631 0.000000 0.000000 0.000000 
0.000000 0.895130 0.104870 0.000000 0.000000 
0.000000 0.000000 0.964929 0.035071 0.000000 
0.000000 0.000000 0.000000 0.813257 0.186743 
0.000000 0.000000 0.000000 0.000000 1.000000 
Converged B matrix ......... 
1.000000e-030 3.744075e-009 1.000000e+000 1.000000e-030 1.000000e-030 1.000000e-030 1.000000e-030 1.000000e-030 1.000000e-030 1.370225e-210 1.000000e-030 9.432268e-254 1.000000e-030 1.000000e-030 1.000000e-030 1.000000e-030 1.000000e-030 1.000000e-030 1.000000e-030 1.000000e-030 1.000000e-030 1.000000e-030 1.000000e-030 1.000000e-030 1.000000e-030 1.000000e-030 1.000000e-030 1.000000e-030 1.000000e-030 1.000000e-030 1.000000e-030 1.000000e-030 
1.000000e-030 1.048700e-001 8.951300e-001 1.000000e-030 1.000000e-030 1.000000e-030 1.000000e-030 1.000000e-030 1.000000e-030 5.371731e-071 1.000000e-030 1.339877e-167 1.000000e-030 1.000000e-030 1.000000e-030 1.000000e-030 1.000000e-030 1.000000e-030 1.000000e-030 1.000000e-030 1.000000e-030 1.000000e-030 1.000000e-030 1.000000e-030 1.000000e-030 1.000000e-030 1.000000e-030 1.000000e-030 1.000000e-030 1.000000e-030 1.000000e-030 1.000000e-030 
1.000000e-030 4.314512e-083 8.283708e-001 1.000000e-030 1.000000e-030 1.000000e-030 1.000000e-030 1.000000e-030 1.000000e-030 4.928524e-002 1.000000e-030 1.223439e-001 1.000000e-030 1.000000e-030 1.000000e-030 1.000000e-030 1.000000e-030 1.000000e-030 1.000000e-030 1.000000e-030 1.000000e-030 1.000000e-030 1.000000e-030 1.000000e-030 1.000000e-030 1.000000e-030 1.000000e-030 1.000000e-030 1.000000e-030 1.000000e-030 1.000000e-030 1.000000e-030 
1.000000e-030 3.452164e-250 6.340213e-001 5.159985e-156 1.000000e-030 1.000000e-030 1.000000e-030 1.000000e-030 1.000000e-030 2.707154e-001 1.000000e-030 9.525516e-002 1.000000e-030 1.000000e-030 1.000000e-030 1.000000e-030 1.000000e-030 1.000000e-030 1.000000e-030 1.000000e-030 1.000000e-030 1.000000e-030 1.000000e-030 1.000000e-030 1.000000e-030 8.141803e-006 1.000000e-030 1.000000e-030 1.000000e-030 1.000000e-030 1.000000e-030 1.000000e-030 
1.000000e-030 7.206345e-131 2.122900e-001 4.306118e-001 1.000000e-030 1.000000e-030 1.000000e-030 1.000000e-030 1.000000e-030 9.861217e-002 1.000000e-030 8.624512e-002 1.000000e-030 8.612235e-002 1.000000e-030 1.000000e-030 1.000000e-030 1.000000e-030 1.000000e-030 1.000000e-030 1.000000e-030 1.000000e-030 1.000000e-030 1.000000e-030 1.000000e-030 8.611860e-002 1.000000e-030 1.000000e-030 1.000000e-030 1.000000e-030 1.000000e-030 1.000000e-030 
                             **************************************************************
Sample 19.......... 
P star:7.407763e-015 
 1   2   2   2   2   2   2   2   2   2   2   2   2   2   2   2   2   2   2   2   2   3   3   3   4   4   4   4   4   4   4   4   4   4   4   4   4   4   4   4   4   4   4   4   4   4   4   4   4   4   4   4   5   5   5   5   5   5   5   5  
Converged A matrix ......... 
0.890060 0.109940 0.000000 0.000000 0.000000 
0.000000 0.915996 0.084004 0.000000 0.000000 
0.000000 0.000000 0.660120 0.339880 0.000000 
0.000000 0.000000 0.000000 0.964359 0.035641 
0.000000 0.000000 0.000000 0.000000 1.000000 
Converged B matrix ......... 
1.000000e-030 3.446960e-002 9.655304e-001 1.000000e-030 1.000000e-030 1.000000e-030 1.000000e-030 1.000000e-030 1.000000e-030 6.239866e-279 1.000000e-030 1.000000e-030 1.000000e-030 1.000000e-030 1.000000e-030 1.000000e-030 1.000000e-030 1.000000e-030 1.000000e-030 1.000000e-030 1.000000e-030 1.000000e-030 1.000000e-030 1.000000e-030 1.000000e-030 1.000000e-030 1.000000e-030 1.000000e-030 1.000000e-030 1.000000e-030 1.000000e-030 1.000000e-030 
1.000000e-030 5.766646e-002 9.423335e-001 1.000000e-030 1.000000e-030 1.000000e-030 1.000000e-030 1.000000e-030 1.000000e-030 2.200329e-094 1.000000e-030 1.000000e-030 1.000000e-030 1.000000e-030 1.000000e-030 1.000000e-030 1.000000e-030 1.000000e-030 1.000000e-030 1.000000e-030 1.000000e-030 1.000000e-030 1.000000e-030 1.000000e-030 1.000000e-030 1.000000e-030 1.000000e-030 1.000000e-030 1.000000e-030 1.000000e-030 1.000000e-030 1.000000e-030 
1.000000e-030 5.013844e-312 2.555098e-028 1.000000e-030 1.000000e-030 1.000000e-030 1.000000e-030 1.000000e-030 1.000000e-030 1.000000e+000 1.000000e-030 1.000000e-030 1.000000e-030 1.000000e-030 1.000000e-030 1.000000e-030 1.000000e-030 1.000000e-030 1.000000e-030 1.000000e-030 1.000000e-030 1.000000e-030 1.000000e-030 1.000000e-030 1.000000e-030 1.000000e-030 1.000000e-030 1.000000e-030 1.000000e-030 1.000000e-030 1.000000e-030 1.000000e-030 
1.000000e-030 7.128147e-002 8.910183e-001 7.448118e-136 1.000000e-030 1.000000e-030 1.000000e-030 1.000000e-030 1.000000e-030 3.770022e-002 1.000000e-030 1.000000e-030 1.000000e-030 1.000000e-030 1.000000e-030 1.000000e-030 1.000000e-030 1.000000e-030 1.000000e-030 1.000000e-030 1.000000e-030 1.000000e-030 1.000000e-030 1.000000e-030 1.000000e-030 1.000000e-030 1.000000e-030 1.000000e-030 1.000000e-030 1.000000e-030 1.000000e-030 1.000000e-030 
1.000000e-030 1.000000e-030 2.108247e-082 7.500000e-001 1.000000e-030 1.000000e-030 1.000000e-030 1.000000e-030 1.000000e-030 1.000000e-030 1.000000e-030 1.000000e-030 1.000000e-030 1.000000e-030 1.000000e-030 1.000000e-030 1.000000e-030 1.000000e-030 1.000000e-030 1.000000e-030 1.000000e-030 1.000000e-030 1.000000e-030 1.000000e-030 1.000000e-030 1.000000e-030 1.000000e-030 2.500000e-001 1.000000e-030 1.000000e-030 1.000000e-030 1.000000e-030 
                             **************************************************************
Sample 20.......... 
P star:1.221698e-023 
 1   1   1   2   2   2   2   2   3   3   3   3   3   3   3   3   3   3   3   3   3   3   3   3   3   3   3   3   3   3   3   3   3   3   3   4   4   4   4   4   4   4   4   4   4   4   4   5   5   5   5   5   5   5   5   5   5   5   5   5  
Converged A matrix ......... 
0.826776 0.173224 0.000000 0.000000 0.000000 
0.000000 0.821330 0.178670 0.000000 0.000000 
0.000000 0.000000 0.949967 0.050033 0.000000 
0.000000 0.000000 0.000000 0.935652 0.064348 
0.000000 0.000000 0.000000 0.000000 1.000000 
Converged B matrix ......... 
1.000000e-030 4.449219e-135 8.070971e-001 1.000000e-030 1.000000e-030 1.000000e-030 1.000000e-030 1.000000e-030 1.000000e-030 1.929029e-001 1.000000e-030 1.000000e-030 1.000000e-030 1.000000e-030 1.000000e-030 1.000000e-030 1.000000e-030 1.000000e-030 1.000000e-030 1.000000e-030 1.000000e-030 1.000000e-030 1.000000e-030 1.000000e-030 1.000000e-030 1.000000e-030 1.000000e-030 1.000000e-030 1.000000e-030 1.000000e-030 1.000000e-030 1.000000e-030 
1.000000e-030 1.558682e-049 8.416271e-001 6.896917e-265 1.000000e-030 1.000000e-030 1.000000e-030 1.000000e-030 1.000000e-030 1.583729e-001 1.000000e-030 1.000000e-030 1.000000e-030 1.000000e-030 1.000000e-030 1.000000e-030 1.000000e-030 1.000000e-030 1.000000e-030 1.000000e-030 1.000000e-030 1.000000e-030 1.000000e-030 1.000000e-030 1.000000e-030 2.298972e-265 1.000000e-030 1.000000e-030 1.000000e-030 1.000000e-030 1.000000e-030 1.000000e-030 
1.000000e-030 9.525500e-002 9.047450e-001 1.000000e-030 1.000000e-030 1.000000e-030 1.000000e-030 1.000000e-030 1.000000e-030 3.351132e-061 1.000000e-030 1.000000e-030 1.000000e-030 1.000000e-030 1.000000e-030 1.000000e-030 1.000000e-030 1.000000e-030 1.000000e-030 1.000000e-030 1.000000e-030 1.000000e-030 1.000000e-030 1.000000e-030 1.000000e-030 1.512699e-247 1.000000e-030 1.000000e-030 1.000000e-030 1.000000e-030 1.000000e-030 1.000000e-030 
1.000000e-030 7.053512e-002 9.294649e-001 3.545935e-144 1.000000e-030 1.000000e-030 1.000000e-030 1.000000e-030 1.000000e-030 1.031413e-192 1.000000e-030 1.000000e-030 1.000000e-030 1.000000e-030 1.000000e-030 1.000000e-030 1.000000e-030 1.000000e-030 1.000000e-030 1.000000e-030 1.000000e-030 1.000000e-030 1.000000e-030 1.000000e-030 1.000000e-030 6.174463e-018 1.000000e-030 1.000000e-030 1.000000e-030 1.000000e-030 1.000000e-030 1.000000e-030 
1.000000e-030 1.526386e-001 8.416830e-002 2.289579e-001 1.000000e-030 1.000000e-030 1.000000e-030 1.000000e-030 1.000000e-030 2.289579e-001 1.000000e-030 7.631931e-002 1.000000e-030 7.631931e-002 1.000000e-030 1.000000e-030 7.631931e-002 1.000000e-030 1.000000e-030 1.000000e-030 1.000000e-030 1.000000e-030 1.000000e-030 1.000000e-030 1.000000e-030 7.631931e-002 1.000000e-030 1.000000e-030 1.000000e-030 1.000000e-030 1.000000e-030 1.000000e-030 
                             **************************************************************
