Sample 1.......... 
P star:1.906072e-036 
 1   1   1   1   1   1   1   1   1   1   1   1   1   1   1   1   2   2   2   2   2   3   3   3   3   4   4   4   5   5   5   5   5   5   5   5   5   5   5   5   5   5   5   5   5   5   5   5   5   5   5   5   5   5   5   5   5   5   5   5  
Converged A matrix ......... 
0.886745 0.113255 0.000000 0.000000 0.000000 
0.000000 0.882086 0.117914 0.000000 0.000000 
0.000000 0.000000 0.873923 0.126077 0.000000 
0.000000 0.000000 0.000000 0.593866 0.406134 
0.000000 0.000000 0.000000 0.000000 1.000000 
Converged B matrix ......... 
1.000000e-030 1.000000e-030 9.419594e-001 1.000000e-030 3.362588e-265 1.000000e-030 1.000000e-030 1.000000e-030 1.000000e-030 5.804060e-002 1.000000e-030 3.526097e-040 1.000000e-030 1.000000e-030 1.000000e-030 1.000000e-030 1.000000e-030 1.000000e-030 1.000000e-030 1.000000e-030 1.000000e-030 1.000000e-030 1.000000e-030 1.000000e-030 1.000000e-030 1.000000e-030 1.000000e-030 6.462311e-295 1.000000e-030 1.000000e-030 1.000000e-030 1.128275e-265 
1.000000e-030 1.000000e-030 8.523986e-001 1.482197e-323 1.000000e-030 1.000000e-030 1.000000e-030 1.000000e-030 1.000000e-030 7.298172e-002 1.000000e-030 7.461967e-002 1.000000e-030 1.000000e-030 1.000000e-030 1.000000e-030 1.000000e-030 1.000000e-030 1.000000e-030 1.000000e-030 1.000000e-030 1.000000e-030 1.000000e-030 1.000000e-030 1.000000e-030 1.000000e-030 1.000000e-030 2.343202e-265 1.000000e-030 1.000000e-030 1.000000e-030 2.326218e-265 
1.000000e-030 1.000000e-030 8.136794e-001 4.259873e-294 1.000000e-030 1.000000e-030 1.000000e-030 1.000000e-030 1.000000e-030 1.155171e-001 1.000000e-030 7.080347e-002 1.000000e-030 1.000000e-030 1.000000e-030 1.000000e-030 1.000000e-030 1.000000e-030 1.000000e-030 1.000000e-030 1.000000e-030 1.000000e-030 1.000000e-030 1.000000e-030 1.000000e-030 1.000000e-030 1.000000e-030 4.981138e-265 1.000000e-030 1.000000e-030 1.000000e-030 1.000000e-030 
1.000000e-030 1.000000e-030 4.742211e-058 1.205830e-264 6.238718e-013 1.000000e-030 1.000000e-030 1.000000e-030 1.000000e-030 3.867768e-001 1.000000e-030 6.132232e-001 1.000000e-030 1.000000e-030 1.000000e-030 1.000000e-030 1.000000e-030 1.000000e-030 1.000000e-030 1.000000e-030 1.000000e-030 1.000000e-030 1.000000e-030 1.000000e-030 1.000000e-030 1.000000e-030 1.000000e-030 1.000000e-030 1.000000e-030 1.000000e-030 1.000000e-030 1.324629e-306 
1.000000e-030 1.000000e-030 2.167473e-001 1.548195e-001 2.167473e-001 3.096390e-002 1.000000e-030 1.000000e-030 1.000000e-030 1.523610e-144 1.000000e-030 1.639747e-001 1.000000e-030 1.000000e-030 1.000000e-030 1.000000e-030 1.000000e-030 1.000000e-030 1.000000e-030 1.000000e-030 1.000000e-030 1.000000e-030 1.000000e-030 1.000000e-030 1.000000e-030 3.096390e-002 1.000000e-030 1.548195e-001 1.000000e-030 1.000000e-030 1.000000e-030 3.096390e-002 
                             **************************************************************
Sample 2.......... 
P star:2.405075e-029 
 1   1   1   1   1   1   1   1   2   3   3   3   3   3   3   3   3   3   3   3   3   3   3   3   3   3   3   3   3   3   3   4   4   4   4   4   4   4   5   5   5   5   5   5   5   5   5   5   5   5   5   5   5   5   5   5   5   5   5   5  
Converged A matrix ......... 
0.875000 0.125000 0.000000 0.000000 0.000000 
0.000000 0.000000 1.000000 0.000000 0.000000 
0.000000 0.000000 0.933831 0.066169 0.000000 
0.000000 0.000000 0.000000 0.926845 0.073155 
0.000000 0.000000 0.000000 0.000000 1.000000 
Converged B matrix ......... 
1.000000e-030 1.250000e-001 8.750000e-001 6.373435e-120 1.000000e-030 1.000000e-030 1.000000e-030 1.000000e-030 1.000000e-030 2.166927e-208 1.000000e-030 1.000000e-030 1.000000e-030 1.000000e-030 1.000000e-030 1.000000e-030 1.000000e-030 1.000000e-030 1.000000e-030 1.000000e-030 1.000000e-030 1.000000e-030 1.000000e-030 1.000000e-030 1.000000e-030 1.000000e-030 1.000000e-030 1.000000e-030 1.000000e-030 1.000000e-030 1.000000e-030 1.000000e-030 
1.000000e-030 9.430233e-119 2.789286e-119 1.000000e+000 1.000000e-030 1.000000e-030 1.000000e-030 1.000000e-030 1.000000e-030 3.510422e-119 1.000000e-030 1.000000e-030 1.000000e-030 1.000000e-030 1.000000e-030 1.000000e-030 1.000000e-030 1.000000e-030 1.000000e-030 1.000000e-030 1.000000e-030 1.000000e-030 1.000000e-030 1.000000e-030 1.000000e-030 1.000000e-030 1.000000e-030 1.000000e-030 1.000000e-030 1.000000e-030 1.000000e-030 1.000000e-030 
1.000000e-030 6.919796e-209 8.862364e-001 7.018333e-120 1.000000e-030 1.000000e-030 1.000000e-030 1.000000e-030 1.000000e-030 1.137636e-001 1.000000e-030 1.000000e-030 1.000000e-030 1.000000e-030 1.000000e-030 1.000000e-030 1.000000e-030 1.000000e-030 1.000000e-030 1.000000e-030 1.000000e-030 1.000000e-030 1.000000e-030 1.000000e-030 1.000000e-030 1.000000e-030 1.000000e-030 1.000000e-030 1.000000e-030 1.000000e-030 1.000000e-030 1.000000e-030 
1.000000e-030 4.736925e-213 8.331555e-001 1.790636e-122 8.965435e-271 1.000000e-030 1.000000e-030 1.000000e-030 1.000000e-030 1.668445e-001 1.000000e-030 1.632347e-022 1.000000e-030 1.000000e-030 1.000000e-030 1.000000e-030 1.000000e-030 1.000000e-030 1.000000e-030 1.000000e-030 1.000000e-030 1.000000e-030 1.000000e-030 1.000000e-030 1.000000e-030 1.000000e-030 1.000000e-030 1.000000e-030 1.000000e-030 1.000000e-030 1.000000e-030 1.000000e-030 
1.000000e-030 1.000000e-030 1.448177e-001 9.001919e-002 1.800384e-001 4.500960e-002 1.000000e-030 4.500960e-002 1.000000e-030 1.217955e-274 1.000000e-030 9.001919e-002 1.000000e-030 1.000000e-030 1.000000e-030 1.000000e-030 1.000000e-030 1.000000e-030 1.000000e-030 1.000000e-030 1.000000e-030 1.000000e-030 1.000000e-030 1.000000e-030 1.000000e-030 9.001919e-002 1.000000e-030 3.150672e-001 1.000000e-030 1.000000e-030 1.000000e-030 1.000000e-030 
                             **************************************************************
Sample 3.......... 
P star:3.804678e-024 
 1   2   2   2   2   3   3   3   3   3   3   3   3   3   3   3   3   3   3   3   3   3   3   3   3   4   4   4   4   4   4   4   4   4   4   4   4   4   4   4   4   4   5   5   5   5   5   5   5   5   5   5   5   5   5   5   5   5   5   5  
Converged A matrix ......... 
0.564179 0.435821 0.000000 0.000000 0.000000 
0.000000 0.815999 0.184001 0.000000 0.000000 
0.000000 0.000000 0.959806 0.040194 0.000000 
0.000000 0.000000 0.000000 0.886234 0.113766 
0.000000 0.000000 0.000000 0.000000 1.000000 
Converged B matrix ......... 
1.000000e-030 1.000000e-030 1.000000e+000 1.000000e-030 1.000000e-030 1.000000e-030 1.000000e-030 1.000000e-030 1.000000e-030 4.990652e-184 1.000000e-030 3.928950e-012 1.000000e-030 1.000000e-030 1.000000e-030 1.000000e-030 1.000000e-030 1.000000e-030 1.000000e-030 1.000000e-030 1.000000e-030 1.000000e-030 1.000000e-030 1.000000e-030 1.000000e-030 1.000000e-030 1.000000e-030 1.000000e-030 1.000000e-030 1.000000e-030 1.000000e-030 1.000000e-030 
1.000000e-030 1.000000e-030 8.159990e-001 1.000000e-030 2.762638e-280 1.000000e-030 1.000000e-030 1.000000e-030 1.000000e-030 5.631822e-096 1.000000e-030 1.840010e-001 1.000000e-030 1.000000e-030 1.000000e-030 1.000000e-030 1.000000e-030 1.000000e-030 1.000000e-030 1.000000e-030 1.000000e-030 1.000000e-030 1.000000e-030 1.000000e-030 1.000000e-030 1.000000e-030 1.000000e-030 1.000000e-030 1.000000e-030 1.000000e-030 1.000000e-030 1.000000e-030 
1.000000e-030 1.000000e-030 9.196114e-001 8.457307e-241 5.867728e-149 1.000000e-030 1.000000e-030 1.000000e-030 1.000000e-030 8.038865e-002 1.000000e-030 9.902961e-095 1.000000e-030 1.000000e-030 1.000000e-030 1.000000e-030 1.000000e-030 1.000000e-030 1.000000e-030 1.000000e-030 1.000000e-030 1.000000e-030 1.000000e-030 1.000000e-030 1.000000e-030 1.000000e-030 1.000000e-030 1.421081e-211 1.000000e-030 1.000000e-030 1.000000e-030 1.000000e-030 
1.000000e-030 1.000000e-030 1.000000e+000 1.504585e-206 2.709829e-026 1.000000e-030 1.000000e-030 1.000000e-030 1.000000e-030 1.110038e-022 1.000000e-030 3.434032e-304 1.000000e-030 1.000000e-030 1.000000e-030 1.000000e-030 1.000000e-030 1.000000e-030 1.000000e-030 1.000000e-030 1.000000e-030 1.000000e-030 1.000000e-030 1.000000e-030 1.000000e-030 3.745260e-294 1.000000e-030 2.737963e-177 1.000000e-030 1.000000e-030 1.000000e-030 1.000000e-030 
1.000000e-030 1.000000e-030 3.548951e-001 1.612762e-001 1.075175e-001 1.000000e-030 1.000000e-030 1.000000e-030 1.000000e-030 1.075175e-001 1.000000e-030 5.375874e-002 1.000000e-030 5.375874e-002 1.000000e-030 1.000000e-030 1.000000e-030 1.000000e-030 1.000000e-030 1.000000e-030 1.000000e-030 1.000000e-030 1.000000e-030 1.000000e-030 1.000000e-030 1.075175e-001 1.000000e-030 5.375874e-002 1.000000e-030 1.000000e-030 1.000000e-030 1.000000e-030 
                             **************************************************************
Sample 4.......... 
P star:1.677873e-038 
 1   1   1   1   1   1   1   1   1   1   1   2   3   3   3   3   3   3   3   3   3   3   4   4   4   4   4   4   5   5   5   5   5   5   5   5   5   5   5   5   5   5   5   5   5   5   5   5   5   5   5   5   5   5   5   5   5   5   5   5  
Converged A matrix ......... 
0.877567 0.122433 0.000000 0.000000 0.000000 
0.000000 0.859331 0.140669 0.000000 0.000000 
0.000000 0.000000 0.830478 0.169522 0.000000 
0.000000 0.000000 0.000000 0.830648 0.169352 
0.000000 0.000000 0.000000 0.000000 1.000000 
Converged B matrix ......... 
1.000000e-030 2.329751e-030 8.775673e-001 1.000000e-030 1.000000e-030 1.000000e-030 1.000000e-030 1.000000e-030 1.000000e-030 1.000000e-030 1.000000e-030 1.224327e-001 1.000000e-030 1.000000e-030 1.000000e-030 1.000000e-030 1.000000e-030 1.000000e-030 1.000000e-030 1.000000e-030 1.000000e-030 1.000000e-030 1.000000e-030 1.000000e-030 1.000000e-030 1.000000e-030 1.000000e-030 3.796058e-145 1.000000e-030 1.000000e-030 1.000000e-030 1.000000e-030 
1.000000e-030 1.406693e-001 8.593307e-001 1.000000e-030 1.000000e-030 1.000000e-030 1.000000e-030 1.000000e-030 1.000000e-030 1.000000e-030 1.000000e-030 1.677483e-028 1.000000e-030 1.000000e-030 1.000000e-030 1.000000e-030 1.000000e-030 1.000000e-030 1.000000e-030 1.000000e-030 1.000000e-030 1.000000e-030 1.000000e-030 1.000000e-030 1.000000e-030 1.000000e-030 1.000000e-030 8.705069e-250 1.000000e-030 1.000000e-030 1.000000e-030 1.000000e-030 
1.000000e-030 6.343326e-018 1.000000e+000 1.000000e-030 1.000000e-030 1.000000e-030 1.000000e-030 1.000000e-030 1.000000e-030 1.000000e-030 1.000000e-030 2.451823e-278 1.000000e-030 1.000000e-030 1.000000e-030 1.000000e-030 1.000000e-030 1.000000e-030 1.000000e-030 1.000000e-030 1.000000e-030 1.000000e-030 1.000000e-030 1.000000e-030 1.000000e-030 1.000000e-030 1.000000e-030 1.228633e-054 1.000000e-030 1.000000e-030 1.000000e-030 1.000000e-030 
1.000000e-030 1.220608e-044 4.919432e-001 9.126077e-207 7.637100e-046 1.000000e-030 1.000000e-030 1.000000e-030 1.000000e-030 1.000000e-030 1.000000e-030 1.693523e-001 1.000000e-030 1.000000e-030 1.000000e-030 1.000000e-030 1.000000e-030 1.000000e-030 1.000000e-030 1.000000e-030 1.000000e-030 1.000000e-030 1.000000e-030 1.000000e-030 1.000000e-030 1.166211e-293 1.000000e-030 3.387045e-001 1.000000e-030 1.000000e-030 1.000000e-030 1.000000e-030 
1.000000e-030 3.037707e-002 3.620815e-001 1.215083e-001 1.518854e-001 1.000000e-030 3.037707e-002 3.037707e-002 1.000000e-030 1.000000e-030 1.000000e-030 6.075414e-002 1.000000e-030 3.037707e-002 1.000000e-030 1.000000e-030 1.000000e-030 1.000000e-030 1.000000e-030 1.000000e-030 1.000000e-030 1.000000e-030 1.000000e-030 1.215083e-001 1.000000e-030 3.037707e-002 1.000000e-030 8.364732e-115 1.000000e-030 3.037707e-002 1.000000e-030 1.000000e-030 
                             **************************************************************
Sample 5.......... 
P star:2.065074e-029 
 1   1   2   2   2   2   2   2   2   2   2   2   2   2   2   2   3   3   3   3   4   4   4   4   4   4   4   4   4   4   5   5   5   5   5   5   5   5   5   5   5   5   5   5   5   5   5   5   5   5   5   5   5   5   5   5   5   5   5   5  
Converged A matrix ......... 
0.500000 0.500000 0.000000 0.000000 0.000000 
0.000000 0.915602 0.084398 0.000000 0.000000 
0.000000 0.000000 0.865265 0.134735 0.000000 
0.000000 0.000000 0.000000 0.870263 0.129737 
0.000000 0.000000 0.000000 0.000000 1.000000 
Converged B matrix ......... 
1.000000e-030 1.000000e-030 5.916476e-056 1.000000e-030 1.000000e-030 1.000000e-030 1.000000e-030 1.000000e-030 1.000000e-030 1.000000e-030 1.000000e-030 1.000000e-030 1.000000e-030 1.000000e-030 1.000000e-030 1.000000e-030 1.000000e-030 1.000000e-030 1.000000e-030 1.000000e-030 1.000000e-030 1.000000e-030 1.000000e-030 1.000000e-030 1.000000e-030 1.000000e+000 1.000000e-030 1.000000e-030 1.000000e-030 1.000000e-030 1.000000e-030 1.000000e-030 
1.000000e-030 1.000000e-030 1.000000e+000 9.132362e-294 1.000000e-030 1.000000e-030 1.000000e-030 1.000000e-030 1.000000e-030 3.204366e-035 1.000000e-030 1.000000e-030 1.000000e-030 1.000000e-030 1.000000e-030 1.000000e-030 1.000000e-030 1.000000e-030 1.000000e-030 1.000000e-030 1.000000e-030 1.000000e-030 1.000000e-030 1.000000e-030 1.000000e-030 2.914374e-082 1.000000e-030 1.000000e-030 1.000000e-030 1.000000e-030 1.000000e-030 1.000000e-030 
1.000000e-030 1.000000e-030 7.305643e-001 2.333549e-018 6.015537e-159 1.000000e-030 1.000000e-030 1.000000e-030 1.000000e-030 2.694357e-001 1.000000e-030 1.000000e-030 1.000000e-030 1.000000e-030 1.000000e-030 1.000000e-030 1.000000e-030 1.000000e-030 1.000000e-030 1.000000e-030 1.000000e-030 1.000000e-030 1.000000e-030 1.000000e-030 1.000000e-030 1.000000e-030 1.000000e-030 1.000000e-030 1.000000e-030 1.000000e-030 1.000000e-030 1.000000e-030 
1.000000e-030 1.000000e-030 8.710748e-001 1.289252e-001 4.039926e-048 1.000000e-030 1.000000e-030 1.000000e-030 1.000000e-030 2.090970e-025 1.000000e-030 1.000000e-030 1.000000e-030 1.000000e-030 1.000000e-030 1.000000e-030 1.000000e-030 1.000000e-030 1.000000e-030 1.000000e-030 1.000000e-030 1.000000e-030 1.000000e-030 1.000000e-030 1.000000e-030 1.000000e-030 1.000000e-030 3.359861e-200 1.000000e-030 1.000000e-030 1.000000e-030 1.000000e-030 
1.000000e-030 1.000000e-030 3.873128e-001 6.467302e-002 1.611782e-001 1.000000e-030 1.000000e-030 1.000000e-030 1.000000e-030 6.447959e-002 1.000000e-030 1.611782e-001 1.000000e-030 1.000000e-030 1.000000e-030 1.000000e-030 1.000000e-030 1.000000e-030 1.000000e-030 1.000000e-030 1.000000e-030 1.000000e-030 1.000000e-030 1.000000e-030 1.000000e-030 1.000000e-030 1.000000e-030 1.611782e-001 1.000000e-030 1.000000e-030 1.000000e-030 1.000000e-030 
                             **************************************************************
Sample 6.......... 
P star:3.850643e-031 
 1   1   1   1   1   1   1   1   2   2   2   3   3   3   3   3   3   3   3   3   3   4   4   4   4   4   4   4   4   4   4   4   4   5   5   5   5   5   5   5   5   5   5   5   5   5   5   5   5   5   5   5   5   5   5   5   5   5   5   5  
Converged A matrix ......... 
0.875000 0.125000 0.000000 0.000000 0.000000 
0.000000 0.652759 0.347241 0.000000 0.000000 
0.000000 0.000000 0.930833 0.069167 0.000000 
0.000000 0.000000 0.000000 0.852924 0.147076 
0.000000 0.000000 0.000000 0.000000 1.000000 
Converged B matrix ......... 
1.000000e-030 1.229065e-079 7.500000e-001 1.000000e-030 1.000000e-030 1.000000e-030 1.000000e-030 1.000000e-030 1.000000e-030 2.500000e-001 1.000000e-030 1.000000e-030 1.000000e-030 1.000000e-030 1.000000e-030 1.000000e-030 1.000000e-030 1.000000e-030 1.000000e-030 1.000000e-030 1.000000e-030 1.000000e-030 1.000000e-030 1.000000e-030 1.000000e-030 1.000000e-030 1.000000e-030 1.000000e-030 1.000000e-030 1.000000e-030 1.000000e-030 1.000000e-030 
1.000000e-030 1.000000e+000 1.588138e-021 1.223645e-194 1.000000e-030 1.000000e-030 1.000000e-030 1.000000e-030 1.000000e-030 5.932292e-249 1.000000e-030 1.000000e-030 1.000000e-030 1.000000e-030 1.000000e-030 1.000000e-030 1.000000e-030 1.000000e-030 1.000000e-030 1.000000e-030 1.000000e-030 1.000000e-030 1.000000e-030 1.000000e-030 1.000000e-030 1.000000e-030 1.000000e-030 1.000000e-030 1.000000e-030 1.000000e-030 1.000000e-030 1.000000e-030 
1.000000e-030 7.747718e-002 8.533595e-001 6.916328e-002 1.433438e-185 1.000000e-030 1.000000e-030 1.000000e-030 1.000000e-030 3.099605e-083 1.000000e-030 5.661554e-174 1.000000e-030 1.000000e-030 1.000000e-030 1.000000e-030 1.000000e-030 1.000000e-030 1.000000e-030 1.000000e-030 1.000000e-030 1.000000e-030 1.000000e-030 1.000000e-030 1.000000e-030 2.866876e-185 1.000000e-030 1.433438e-185 1.000000e-030 1.433438e-185 1.000000e-030 1.000000e-030 
1.000000e-030 2.413545e-243 9.999996e-001 6.082470e-011 1.855084e-231 1.000000e-030 1.000000e-030 1.000000e-030 1.000000e-030 1.241697e-234 1.000000e-030 3.895845e-007 1.000000e-030 1.000000e-030 1.000000e-030 1.000000e-030 1.000000e-030 1.000000e-030 1.000000e-030 1.000000e-030 1.000000e-030 1.000000e-030 1.000000e-030 1.000000e-030 1.000000e-030 1.000000e-030 1.000000e-030 1.143418e-288 1.000000e-030 9.075927e-149 1.000000e-030 1.000000e-030 
1.000000e-030 1.069317e-154 4.257625e-001 7.178119e-002 7.177948e-002 1.000000e-030 1.000000e-030 1.000000e-030 1.000000e-030 1.794487e-001 1.000000e-030 7.177939e-002 1.000000e-030 1.000000e-030 1.000000e-030 1.000000e-030 1.000000e-030 1.000000e-030 1.000000e-030 1.000000e-030 1.000000e-030 1.000000e-030 1.000000e-030 1.000000e-030 1.000000e-030 1.076692e-001 1.000000e-030 3.588974e-002 1.000000e-030 3.588974e-002 1.000000e-030 1.000000e-030 
                             **************************************************************
Sample 7.......... 
P star:8.096104e-037 
 1   1   1   1   1   1   2   2   2   2   2   2   2   2   2   2   2   3   3   3   3   3   3   3   3   3   3   3   3   3   4   4   4   4   4   5   5   5   5   5   5   5   5   5   5   5   5   5   5   5   5   5   5   5   5   5   5   5   5   5  
Converged A matrix ......... 
0.839247 0.160753 0.000000 0.000000 0.000000 
0.000000 0.900205 0.099795 0.000000 0.000000 
0.000000 0.000000 0.927319 0.072681 0.000000 
0.000000 0.000000 0.000000 0.800000 0.200000 
0.000000 0.000000 0.000000 0.000000 1.000000 
Converged B matrix ......... 
1.000000e-030 5.807913e-001 4.192087e-001 1.000000e-030 1.000000e-030 1.000000e-030 1.000000e-030 1.000000e-030 1.000000e-030 1.000000e-030 1.000000e-030 1.000000e-030 1.000000e-030 1.000000e-030 1.000000e-030 1.000000e-030 1.000000e-030 1.000000e-030 1.000000e-030 1.000000e-030 1.000000e-030 1.000000e-030 1.000000e-030 1.000000e-030 1.000000e-030 1.000000e-030 1.000000e-030 1.000000e-030 1.000000e-030 1.000000e-030 1.000000e-030 1.000000e-030 
1.000000e-030 8.623589e-001 1.376411e-001 1.000000e-030 1.000000e-030 1.000000e-030 1.000000e-030 1.000000e-030 1.000000e-030 5.601830e-048 1.000000e-030 1.000000e-030 1.000000e-030 1.000000e-030 1.000000e-030 1.000000e-030 1.000000e-030 1.000000e-030 1.000000e-030 1.000000e-030 1.000000e-030 1.000000e-030 1.000000e-030 1.000000e-030 1.000000e-030 1.000000e-030 1.000000e-030 1.000000e-030 1.000000e-030 1.000000e-030 1.000000e-030 1.000000e-030 
1.000000e-030 3.449261e-001 4.370303e-001 1.000000e-030 1.000000e-030 1.000000e-030 1.000000e-030 1.000000e-030 1.000000e-030 2.180436e-001 1.000000e-030 1.000000e-030 1.000000e-030 3.973118e-053 1.000000e-030 1.000000e-030 1.000000e-030 1.000000e-030 1.000000e-030 1.000000e-030 1.000000e-030 1.000000e-030 1.000000e-030 1.000000e-030 1.000000e-030 1.000000e-030 1.000000e-030 1.000000e-030 1.000000e-030 1.633533e-184 1.000000e-030 1.000000e-030 
1.000000e-030 8.080583e-025 1.000000e-030 2.459140e-262 1.000000e-030 1.000000e-030 1.000000e-030 1.000000e-030 1.000000e-030 4.627771e-299 1.000000e-030 1.000000e-030 1.000000e-030 2.000000e-001 1.000000e-030 1.000000e-030 1.000000e-030 1.000000e-030 1.000000e-030 1.000000e-030 1.000000e-030 1.000000e-030 1.000000e-030 1.000000e-030 1.000000e-030 1.000000e-030 1.000000e-030 4.000000e-001 1.000000e-030 2.000000e-001 1.000000e-030 2.000000e-001 
1.000000e-030 1.895220e-240 1.600000e-001 8.000000e-002 4.000000e-002 1.000000e-030 1.000000e-030 1.000000e-030 1.000000e-030 2.400000e-001 1.000000e-030 3.200000e-001 1.000000e-030 4.000000e-002 1.000000e-030 1.000000e-030 1.000000e-030 1.000000e-030 1.000000e-030 1.000000e-030 1.000000e-030 1.000000e-030 1.000000e-030 1.000000e-030 1.000000e-030 1.200000e-001 1.000000e-030 2.479026e-065 1.000000e-030 6.001531e-187 1.000000e-030 9.602449e-158 
                             **************************************************************
Sample 8.......... 
P star:3.680384e-028 
 1   1   2   2   2   3   3   3   3   3   3   3   3   3   3   3   3   3   3   3   3   3   3   3   3   3   3   3   3   3   3   3   4   5   5   5   5   5   5   5   5   5   5   5   5   5   5   5   5   5   5   5   5   5   5   5   5   5   5   5  
Converged A matrix ......... 
0.500000 0.500000 0.000000 0.000000 0.000000 
0.000000 0.779322 0.220678 0.000000 0.000000 
0.000000 0.000000 0.960736 0.039264 0.000000 
0.000000 0.000000 0.000000 0.000000 1.000000 
0.000000 0.000000 0.000000 0.000000 1.000000 
Converged B matrix ......... 
1.000000e-030 1.000000e-030 6.363191e-038 1.000000e-030 1.000000e-030 1.000000e-030 1.000000e-030 1.000000e-030 1.000000e-030 1.000000e-030 5.000000e-001 5.000000e-001 1.000000e-030 1.000000e-030 1.000000e-030 1.000000e-030 1.000000e-030 1.000000e-030 1.000000e-030 1.000000e-030 1.000000e-030 1.000000e-030 1.000000e-030 1.000000e-030 1.000000e-030 1.000000e-030 1.000000e-030 1.635432e-104 1.000000e-030 1.000000e-030 1.000000e-030 1.000000e-030 
1.000000e-030 1.000000e-030 7.793220e-001 1.000000e-030 1.000000e-030 1.000000e-030 1.000000e-030 1.000000e-030 1.000000e-030 6.345916e-263 2.797860e-018 1.072763e-059 1.000000e-030 1.000000e-030 1.000000e-030 1.000000e-030 1.000000e-030 1.000000e-030 1.000000e-030 1.000000e-030 1.000000e-030 1.000000e-030 1.000000e-030 1.000000e-030 1.000000e-030 1.000000e-030 1.000000e-030 2.206780e-001 1.000000e-030 1.000000e-030 1.000000e-030 1.000000e-030 
1.000000e-030 1.000000e-030 8.036791e-001 1.000000e-030 2.925646e-180 1.000000e-030 1.000000e-030 1.000000e-030 1.000000e-030 3.926417e-002 1.000000e-030 1.570567e-001 1.000000e-030 1.000000e-030 1.000000e-030 1.000000e-030 1.000000e-030 1.000000e-030 1.000000e-030 1.000000e-030 1.000000e-030 1.000000e-030 1.000000e-030 1.000000e-030 1.000000e-030 1.000000e-030 1.000000e-030 3.098159e-068 1.000000e-030 2.925646e-180 1.000000e-030 1.000000e-030 
1.000000e-030 1.000000e-030 4.237488e-061 1.000000e-030 1.000000e+000 1.000000e-030 1.000000e-030 1.000000e-030 1.000000e-030 7.220376e-061 1.000000e-030 7.875835e-060 1.000000e-030 1.000000e-030 1.000000e-030 1.000000e-030 1.000000e-030 1.000000e-030 1.000000e-030 1.000000e-030 1.000000e-030 1.000000e-030 1.000000e-030 1.000000e-030 1.000000e-030 1.000000e-030 1.000000e-030 6.433164e-094 1.000000e-030 2.187332e-238 1.000000e-030 1.000000e-030 
1.000000e-030 1.000000e-030 5.925926e-001 7.407407e-002 3.341341e-061 1.000000e-030 3.703704e-002 1.000000e-030 1.000000e-030 1.506622e-091 1.000000e-030 3.703704e-002 1.000000e-030 1.000000e-030 1.000000e-030 1.000000e-030 1.000000e-030 1.000000e-030 1.000000e-030 1.000000e-030 1.000000e-030 1.000000e-030 1.000000e-030 1.000000e-030 1.000000e-030 3.703704e-002 1.000000e-030 1.111111e-001 1.000000e-030 1.111111e-001 1.000000e-030 1.000000e-030 
                             **************************************************************
Sample 9.......... 
P star:5.689903e-019 
 1   1   1   1   1   1   1   2   2   2   2   2   2   2   2   2   2   2   2   2   2   2   2   2   2   2   2   2   2   2   2   2   2   2   2   2   2   2   2   2   3   3   3   3   3   3   3   3   3   4   5   5   5   5   5   5   5   5   5   5  
Converged A matrix ......... 
0.889998 0.110002 0.000000 0.000000 0.000000 
0.000000 0.953463 0.046537 0.000000 0.000000 
0.000000 0.000000 0.945714 0.054286 0.000000 
0.000000 0.000000 0.000000 0.000000 1.000000 
0.000000 0.000000 0.000000 0.000000 1.000000 
Converged B matrix ......... 
1.000000e-030 1.000000e-030 8.199596e-001 1.078044e-030 3.817310e-239 1.000000e-030 1.000000e-030 1.000000e-030 1.000000e-030 1.800404e-001 1.000000e-030 5.783095e-180 1.000000e-030 1.000000e-030 1.000000e-030 1.000000e-030 1.000000e-030 1.000000e-030 1.000000e-030 1.000000e-030 1.000000e-030 1.000000e-030 1.000000e-030 1.000000e-030 1.000000e-030 1.000000e-030 1.000000e-030 5.662333e-269 1.000000e-030 2.573472e-209 1.000000e-030 1.000000e-030 
1.000000e-030 1.000000e-030 8.757975e-001 5.761248e-002 2.286257e-209 1.000000e-030 1.000000e-030 1.000000e-030 1.000000e-030 6.659005e-002 1.000000e-030 6.540645e-182 1.000000e-030 1.000000e-030 1.000000e-030 1.000000e-030 1.000000e-030 1.000000e-030 1.000000e-030 1.000000e-030 1.000000e-030 1.000000e-030 1.000000e-030 1.000000e-030 1.000000e-030 2.061258e-298 1.000000e-030 5.248035e-239 1.000000e-030 2.511973e-180 1.000000e-030 1.000000e-030 
1.000000e-030 1.000000e-030 9.080183e-001 4.136621e-002 2.930286e-180 1.000000e-030 1.000000e-030 1.000000e-030 1.000000e-030 5.061553e-002 1.000000e-030 1.000000e-030 1.000000e-030 1.000000e-030 1.000000e-030 1.000000e-030 1.000000e-030 1.000000e-030 1.000000e-030 1.000000e-030 1.000000e-030 1.000000e-030 1.000000e-030 1.000000e-030 1.000000e-030 3.224039e-268 1.000000e-030 4.052587e-209 1.000000e-030 1.034045e-242 1.000000e-030 1.000000e-030 
1.000000e-030 1.000000e-030 1.447073e-121 1.000000e-030 1.013903e-271 1.000000e-030 1.000000e-030 1.000000e-030 1.000000e-030 1.000000e-030 1.000000e-030 1.000000e+000 1.000000e-030 1.000000e-030 1.000000e-030 1.000000e-030 1.000000e-030 1.000000e-030 1.000000e-030 1.000000e-030 1.000000e-030 1.000000e-030 1.000000e-030 1.000000e-030 1.000000e-030 2.304376e-237 1.000000e-030 5.397828e-179 1.000000e-030 1.000000e-030 1.000000e-030 1.000000e-030 
1.000000e-030 1.000000e-030 2.086755e-213 1.000000e-030 1.000000e-001 1.000000e-030 1.000000e-030 1.000000e-030 1.000000e-030 1.000000e-030 1.000000e-030 1.447073e-122 1.000000e-030 1.000000e-030 1.000000e-030 1.000000e-030 1.000000e-030 1.000000e-030 1.000000e-030 1.000000e-030 1.000000e-030 1.000000e-030 1.000000e-030 1.000000e-030 1.000000e-030 6.000000e-001 1.000000e-030 2.000000e-001 1.000000e-030 1.000000e-001 1.000000e-030 1.000000e-030 
                             **************************************************************
Sample 10.......... 
P star:9.004132e-025 
 1   1   1   1   1   2   2   2   2   3   3   3   3   3   3   3   3   3   3   3   4   4   4   4   4   4   4   4   4   4   4   5   5   5   5   5   5   5   5   5   5   5   5   5   5   5   5   5   5   5   5   5   5   5   5   5   5   5   5   5  
Converged A matrix ......... 
0.800000 0.200000 0.000000 0.000000 0.000000 
0.000000 0.728316 0.271684 0.000000 0.000000 
0.000000 0.000000 0.907137 0.092863 0.000000 
0.000000 0.000000 0.000000 0.882677 0.117323 
0.000000 0.000000 0.000000 0.000000 1.000000 
Converged B matrix ......... 
1.000000e-030 1.000000e-030 1.000000e+000 1.000000e-030 1.000000e-030 1.000000e-030 1.000000e-030 1.000000e-030 1.000000e-030 1.636357e-147 1.000000e-030 1.980586e-040 1.000000e-030 1.000000e-030 1.000000e-030 1.000000e-030 1.000000e-030 1.000000e-030 1.000000e-030 1.000000e-030 1.000000e-030 1.000000e-030 1.000000e-030 1.000000e-030 1.000000e-030 1.000000e-030 1.000000e-030 1.000000e-030 1.000000e-030 1.000000e-030 1.000000e-030 1.000000e-030 
1.000000e-030 1.000000e-030 3.605817e-037 1.000000e-030 1.000000e-030 1.000000e-030 1.000000e-030 1.000000e-030 1.000000e-030 4.566312e-001 1.000000e-030 5.433688e-001 1.000000e-030 1.000000e-030 1.000000e-030 1.000000e-030 1.000000e-030 1.000000e-030 1.000000e-030 1.000000e-030 1.000000e-030 1.000000e-030 1.000000e-030 1.000000e-030 1.000000e-030 1.000000e-030 1.000000e-030 1.000000e-030 1.000000e-030 1.000000e-030 1.000000e-030 1.000000e-030 
1.000000e-030 8.203665e-244 8.332654e-001 1.000000e-030 1.000000e-030 1.000000e-030 1.000000e-030 1.000000e-030 1.000000e-030 1.667346e-001 1.000000e-030 6.154919e-098 1.000000e-030 1.000000e-030 1.000000e-030 1.000000e-030 1.000000e-030 1.000000e-030 1.000000e-030 1.000000e-030 1.000000e-030 1.000000e-030 1.000000e-030 1.000000e-030 1.000000e-030 1.000000e-030 1.000000e-030 1.000000e-030 1.000000e-030 1.000000e-030 1.000000e-030 1.000000e-030 
1.000000e-030 2.984581e-062 9.406544e-001 1.000000e-030 1.000000e-030 1.381943e-268 1.000000e-030 1.000000e-030 1.000000e-030 5.934555e-002 1.000000e-030 3.992168e-034 1.000000e-030 1.000000e-030 1.000000e-030 1.000000e-030 1.000000e-030 1.000000e-030 1.000000e-030 1.000000e-030 1.000000e-030 1.000000e-030 1.000000e-030 1.000000e-030 1.000000e-030 1.000000e-030 1.000000e-030 1.000000e-030 1.000000e-030 1.000000e-030 1.000000e-030 1.000000e-030 
1.000000e-030 9.367018e-002 6.872057e-001 1.000000e-030 9.367018e-002 3.122339e-002 1.000000e-030 1.000000e-030 1.000000e-030 3.178373e-002 1.000000e-030 3.122339e-002 1.000000e-030 1.000000e-030 1.000000e-030 1.000000e-030 1.000000e-030 1.000000e-030 1.000000e-030 1.000000e-030 1.000000e-030 1.000000e-030 1.000000e-030 1.000000e-030 1.000000e-030 3.122339e-002 1.000000e-030 1.000000e-030 1.000000e-030 1.000000e-030 1.000000e-030 1.000000e-030 
                             **************************************************************
Sample 11.......... 
P star:1.309272e-027 
 1   2   2   2   2   2   2   3   3   3   3   3   3   3   3   3   3   3   3   3   3   3   3   3   3   3   3   3   3   3   3   3   3   4   4   4   4   5   5   5   5   5   5   5   5   5   5   5   5   5   5   5   5   5   5   5   5   5   5   5  
Converged A matrix ......... 
0.677947 0.322053 0.000000 0.000000 0.000000 
0.000000 0.881738 0.118262 0.000000 0.000000 
0.000000 0.000000 0.953356 0.046644 0.000000 
0.000000 0.000000 0.000000 0.750000 0.250000 
0.000000 0.000000 0.000000 0.000000 1.000000 
Converged B matrix ......... 
1.000000e-030 1.000000e-030 9.999994e-001 1.000000e-030 1.000000e-030 1.000000e-030 1.000000e-030 1.000000e-030 1.000000e-030 8.003182e-046 1.000000e-030 1.000000e-030 1.000000e-030 1.000000e-030 1.000000e-030 1.000000e-030 1.000000e-030 1.000000e-030 1.000000e-030 1.000000e-030 1.000000e-030 1.000000e-030 1.000000e-030 1.000000e-030 1.000000e-030 5.791963e-007 1.000000e-030 1.000000e-030 1.000000e-030 1.000000e-030 1.000000e-030 1.000000e-030 
1.000000e-030 1.000000e-030 8.817386e-001 1.000000e-030 1.000000e-030 1.000000e-030 1.000000e-030 1.000000e-030 1.000000e-030 1.224141e-081 1.000000e-030 1.000000e-030 1.000000e-030 1.000000e-030 1.000000e-030 1.000000e-030 1.000000e-030 1.000000e-030 1.000000e-030 1.000000e-030 1.000000e-030 1.000000e-030 1.000000e-030 1.000000e-030 1.000000e-030 1.182614e-001 1.000000e-030 1.000000e-030 1.000000e-030 1.000000e-030 1.000000e-030 1.000000e-030 
1.000000e-030 1.000000e-030 9.067125e-001 1.000000e-030 1.000000e-030 1.000000e-030 1.000000e-030 1.000000e-030 1.000000e-030 9.328752e-002 1.000000e-030 1.612091e-093 1.000000e-030 1.000000e-030 1.000000e-030 1.000000e-030 1.000000e-030 1.000000e-030 1.000000e-030 1.000000e-030 1.000000e-030 1.000000e-030 1.000000e-030 1.000000e-030 1.000000e-030 1.402636e-078 1.000000e-030 1.000000e-030 1.000000e-030 5.160581e-306 1.000000e-030 1.000000e-030 
1.000000e-030 1.000000e-030 1.510805e-055 1.000000e-030 1.000000e-030 1.000000e-030 1.000000e-030 1.000000e-030 1.000000e-030 1.000000e-030 1.000000e-030 2.500000e-001 1.000000e-030 1.000000e-030 1.000000e-030 1.000000e-030 1.000000e-030 1.000000e-030 1.000000e-030 1.000000e-030 1.000000e-030 1.000000e-030 1.000000e-030 1.000000e-030 1.000000e-030 1.000000e-030 1.000000e-030 2.560307e-217 1.000000e-030 5.000000e-001 1.000000e-030 2.500000e-001 
1.000000e-030 1.000000e-030 4.347826e-001 1.739130e-001 8.695652e-002 1.000000e-030 1.000000e-030 1.000000e-030 1.000000e-030 8.695652e-002 1.000000e-030 1.000000e-030 1.000000e-030 1.304348e-001 1.000000e-030 1.000000e-030 1.000000e-030 1.000000e-030 1.000000e-030 1.000000e-030 1.000000e-030 1.000000e-030 1.000000e-030 1.000000e-030 1.000000e-030 4.347826e-002 1.000000e-030 4.347826e-002 1.000000e-030 4.508137e-225 1.000000e-030 2.761306e-025 
                             **************************************************************
Sample 12.......... 
P star:8.576190e-039 
 1   1   1   1   1   1   1   1   1   2   2   2   2   2   2   3   3   4   4   4   4   4   4   4   4   4   4   4   4   4   4   4   4   4   4   5   5   5   5   5   5   5   5   5   5   5   5   5   5   5   5   5   5   5   5   5   5   5   5   5  
Converged A matrix ......... 
0.883110 0.116890 0.000000 0.000000 0.000000 
0.000000 0.844840 0.155160 0.000000 0.000000 
0.000000 0.000000 0.500000 0.500000 0.000000 
0.000000 0.000000 0.000000 0.941682 0.058318 
0.000000 0.000000 0.000000 0.000000 1.000000 
Converged B matrix ......... 
1.000000e-030 6.493180e-001 2.337861e-001 5.732878e-006 1.000000e-030 1.000000e-030 1.000000e-030 1.000000e-030 1.000000e-030 1.168902e-001 1.000000e-030 1.000000e-030 1.000000e-030 1.000000e-030 1.000000e-030 1.000000e-030 1.000000e-030 1.000000e-030 1.000000e-030 1.000000e-030 1.000000e-030 1.000000e-030 1.000000e-030 1.000000e-030 1.000000e-030 5.180568e-316 1.000000e-030 1.000000e-030 1.000000e-030 1.000000e-030 1.000000e-030 1.000000e-030 
1.000000e-030 2.242155e-001 6.206321e-001 1.551523e-001 1.000000e-030 1.000000e-030 1.000000e-030 1.000000e-030 1.000000e-030 4.907800e-033 1.000000e-030 1.000000e-030 1.000000e-030 1.000000e-030 1.000000e-030 1.000000e-030 1.000000e-030 1.000000e-030 1.000000e-030 1.000000e-030 1.000000e-030 1.000000e-030 1.000000e-030 1.000000e-030 1.000000e-030 2.134241e-243 1.000000e-030 1.000000e-030 1.000000e-030 1.000000e-030 1.000000e-030 1.000000e-030 
1.000000e-030 2.124780e-009 2.438637e-014 2.999395e-092 1.000000e-030 1.000000e-030 1.000000e-030 1.000000e-030 1.000000e-030 1.000000e+000 1.000000e-030 1.000000e-030 1.000000e-030 1.000000e-030 1.000000e-030 1.000000e-030 1.000000e-030 1.000000e-030 1.000000e-030 1.000000e-030 1.000000e-030 1.000000e-030 1.000000e-030 1.000000e-030 1.000000e-030 3.431672e-301 1.000000e-030 1.000000e-030 1.000000e-030 1.000000e-030 1.000000e-030 1.000000e-030 
1.000000e-030 4.082272e-001 4.751365e-001 5.831816e-002 6.650400e-074 1.000000e-030 1.000000e-030 1.000000e-030 1.000000e-030 9.838513e-103 1.000000e-030 1.000000e-030 1.000000e-030 1.000000e-030 1.000000e-030 1.000000e-030 1.000000e-030 1.000000e-030 1.000000e-030 1.000000e-030 1.000000e-030 1.000000e-030 1.000000e-030 1.000000e-030 1.000000e-030 5.831816e-002 1.000000e-030 1.000000e-030 1.000000e-030 1.000000e-030 1.000000e-030 3.613301e-174 
1.000000e-030 3.136364e-206 2.263859e-001 7.736141e-002 1.547228e-001 3.868070e-002 1.000000e-030 1.000000e-030 1.000000e-030 1.000000e-030 1.000000e-030 1.000000e-030 1.000000e-030 2.707649e-001 1.000000e-030 1.000000e-030 1.000000e-030 1.000000e-030 1.000000e-030 1.000000e-030 1.000000e-030 1.000000e-030 1.000000e-030 1.000000e-030 1.000000e-030 1.547228e-001 1.000000e-030 1.000000e-030 1.000000e-030 1.000000e-030 1.000000e-030 7.736141e-002 
                             **************************************************************
Sample 13.......... 
P star:1.762610e-022 
 1   2   2   2   2   2   2   2   2   2   2   2   2   2   2   2   2   2   2   2   2   2   2   2   2   2   3   3   3   3   3   3   3   3   3   3   4   4   4   4   4   4   5   5   5   5   5   5   5   5   5   5   5   5   5   5   5   5   5   5  
Converged A matrix ......... 
0.000000 1.000000 0.000000 0.000000 0.000000 
0.000000 0.953532 0.046468 0.000000 0.000000 
0.000000 0.000000 0.908464 0.091536 0.000000 
0.000000 0.000000 0.000000 0.856222 0.143778 
0.000000 0.000000 0.000000 0.000000 1.000000 
Converged B matrix ......... 
1.000000e-030 1.000000e-030 1.000000e-030 1.000000e-030 1.000000e-030 1.000000e-030 1.000000e-030 1.000000e-030 1.000000e-030 1.000000e+000 1.000000e-030 1.000000e-030 1.000000e-030 1.000000e-030 1.000000e-030 1.000000e-030 1.000000e-030 1.000000e-030 1.000000e-030 1.000000e-030 1.000000e-030 1.000000e-030 1.000000e-030 1.000000e-030 1.000000e-030 1.000000e-030 1.000000e-030 1.000000e-030 1.000000e-030 1.000000e-030 1.000000e-030 1.000000e-030 
1.000000e-030 1.000000e-030 1.000000e+000 1.000000e-030 1.000000e-030 1.000000e-030 1.000000e-030 1.000000e-030 1.000000e-030 8.005243e-030 1.000000e-030 4.699131e-114 1.000000e-030 1.000000e-030 1.000000e-030 1.000000e-030 1.000000e-030 1.000000e-030 1.000000e-030 1.000000e-030 1.000000e-030 1.000000e-030 1.000000e-030 1.000000e-030 1.000000e-030 1.000000e-030 1.000000e-030 3.674799e-284 1.000000e-030 1.000000e-030 1.000000e-030 1.000000e-030 
1.000000e-030 1.000000e-030 8.178723e-001 1.000000e-030 1.000000e-030 1.000000e-030 1.000000e-030 1.000000e-030 1.000000e-030 9.153619e-002 1.000000e-030 9.059146e-002 1.000000e-030 1.000000e-030 1.000000e-030 1.000000e-030 1.000000e-030 1.000000e-030 1.000000e-030 1.000000e-030 1.000000e-030 1.000000e-030 1.000000e-030 1.000000e-030 1.000000e-030 1.000000e-030 1.000000e-030 6.421490e-056 1.000000e-030 1.000000e-030 1.000000e-030 1.000000e-030 
1.000000e-030 1.000000e-030 8.597945e-001 1.000000e-030 7.020866e-046 1.000000e-030 1.000000e-030 1.000000e-030 1.000000e-030 2.666569e-111 1.000000e-030 1.309980e-003 1.000000e-030 1.000000e-030 1.000000e-030 1.000000e-030 1.000000e-030 1.000000e-030 1.000000e-030 1.000000e-030 1.000000e-030 1.000000e-030 1.000000e-030 1.000000e-030 1.000000e-030 1.000000e-030 1.000000e-030 1.388955e-001 1.000000e-030 1.000000e-030 1.000000e-030 2.325683e-290 
1.000000e-030 1.000000e-030 4.880041e-001 1.000000e-030 1.020403e-001 1.000000e-030 1.000000e-030 1.000000e-030 1.000000e-030 1.822535e-052 1.000000e-030 5.108189e-002 1.000000e-030 5.102017e-002 1.000000e-030 5.102017e-002 1.000000e-030 1.000000e-030 1.000000e-030 1.000000e-030 1.000000e-030 1.000000e-030 1.000000e-030 1.000000e-030 1.000000e-030 1.530605e-001 1.000000e-030 5.275265e-002 1.000000e-030 1.000000e-030 1.000000e-030 5.102017e-002 
                             **************************************************************
Sample 14.......... 
P star:2.627029e-038 
 1   1   1   1   1   1   1   1   1   1   1   2   2   2   2   2   3   3   3   3   4   4   4   4   4   4   4   4   4   4   4   4   5   5   5   5   5   5   5   5   5   5   5   5   5   5   5   5   5   5   5   5   5   5   5   5   5   5   5   5  
Converged A matrix ......... 
0.885853 0.114147 0.000000 0.000000 0.000000 
0.000000 0.879824 0.120176 0.000000 0.000000 
0.000000 0.000000 0.624592 0.375408 0.000000 
0.000000 0.000000 0.000000 0.913171 0.086829 
0.000000 0.000000 0.000000 0.000000 1.000000 
Converged B matrix ......... 
1.000000e-030 5.582134e-001 3.251599e-001 3.323798e-238 1.462184e-180 1.000000e-030 1.000000e-030 1.000000e-030 1.000000e-030 1.166267e-001 1.000000e-030 1.000000e-030 1.000000e-030 3.273397e-272 1.000000e-030 1.000000e-030 1.000000e-030 1.000000e-030 1.000000e-030 1.000000e-030 1.000000e-030 1.000000e-030 1.000000e-030 1.000000e-030 1.000000e-030 1.269083e-237 1.000000e-030 4.652903e-210 1.000000e-030 7.310920e-181 1.000000e-030 1.000000e-030 
1.000000e-030 5.010386e-001 3.813961e-001 2.938418e-237 1.000000e-030 1.000000e-030 1.000000e-030 1.000000e-030 1.000000e-030 1.175654e-001 1.000000e-030 1.000000e-030 1.000000e-030 1.209584e-270 1.000000e-030 1.000000e-030 1.000000e-030 1.000000e-030 1.000000e-030 1.000000e-030 1.000000e-030 1.000000e-030 1.000000e-030 1.000000e-030 1.000000e-030 9.763928e-210 1.000000e-030 7.697023e-181 1.000000e-030 1.000000e-030 1.000000e-030 1.000000e-030 
1.000000e-030 9.999951e-001 4.928313e-006 4.129020e-209 1.000000e-030 1.000000e-030 1.000000e-030 1.000000e-030 1.000000e-030 2.609576e-198 1.000000e-030 1.000000e-030 1.000000e-030 3.918922e-265 1.000000e-030 1.000000e-030 1.000000e-030 1.000000e-030 1.000000e-030 1.000000e-030 1.000000e-030 1.000000e-030 1.000000e-030 1.000000e-030 1.000000e-030 2.404416e-180 1.000000e-030 1.000000e-030 1.000000e-030 1.000000e-030 1.000000e-030 1.000000e-030 
1.000000e-030 1.843596e-001 8.156404e-001 5.561242e-181 1.539559e-039 1.000000e-030 1.000000e-030 1.000000e-030 1.000000e-030 1.109733e-181 1.000000e-030 1.000000e-030 1.000000e-030 7.502745e-294 1.000000e-030 1.000000e-030 1.000000e-030 1.000000e-030 1.000000e-030 1.000000e-030 1.000000e-030 1.000000e-030 1.000000e-030 1.000000e-030 1.000000e-030 1.072043e-200 1.000000e-030 1.634066e-171 1.000000e-030 3.885158e-105 1.000000e-030 1.000000e-030 
1.000000e-030 4.013876e-002 4.030994e-001 3.479762e-002 1.043929e-001 1.000000e-030 1.000000e-030 1.000000e-030 1.000000e-030 3.479762e-002 1.000000e-030 6.959523e-002 1.000000e-030 6.959523e-002 1.000000e-030 1.000000e-030 1.000000e-030 1.000000e-030 1.000000e-030 1.000000e-030 1.000000e-030 1.000000e-030 1.000000e-030 1.000000e-030 1.000000e-030 1.391905e-001 1.000000e-030 6.959523e-002 1.000000e-030 3.479762e-002 1.000000e-030 1.000000e-030 
                             **************************************************************
Sample 15.......... 
P star:1.584958e-038 
 1   1   1   1   1   2   2   2   2   2   2   2   2   2   2   2   3   3   4   4   4   4   4   4   4   4   4   4   4   4   4   4   5   5   5   5   5   5   5   5   5   5   5   5   5   5   5   5   5   5   5   5   5   5   5   5   5   5   5   5  
Converged A matrix ......... 
0.858159 0.141841 0.000000 0.000000 0.000000 
0.000000 0.880999 0.119001 0.000000 0.000000 
0.000000 0.000000 0.674325 0.325675 0.000000 
0.000000 0.000000 0.000000 0.915463 0.084537 
0.000000 0.000000 0.000000 0.000000 1.000000 
Converged B matrix ......... 
1.000000e-030 1.000000e-030 7.163181e-001 1.000000e-030 1.000000e-030 1.000000e-030 1.000000e-030 1.000000e-030 1.000000e-030 1.000000e-030 1.000000e-030 1.739211e-213 1.000000e-030 1.000000e-030 1.000000e-030 1.000000e-030 1.000000e-030 1.000000e-030 1.000000e-030 1.000000e-030 1.000000e-030 1.000000e-030 1.000000e-030 1.000000e-030 1.000000e-030 1.418409e-001 1.000000e-030 1.418409e-001 1.000000e-030 1.000000e-030 1.000000e-030 1.000000e-030 
1.000000e-030 1.000000e-030 1.000000e+000 1.000000e-030 1.000000e-030 1.000000e-030 1.000000e-030 1.000000e-030 1.000000e-030 2.732879e-314 1.000000e-030 2.813595e-087 1.000000e-030 1.000000e-030 1.000000e-030 1.000000e-030 1.000000e-030 1.000000e-030 1.000000e-030 1.000000e-030 1.000000e-030 1.000000e-030 1.000000e-030 1.000000e-030 1.000000e-030 8.738028e-086 1.000000e-030 2.690496e-057 1.000000e-030 1.000000e-030 1.000000e-030 1.000000e-030 
1.000000e-030 1.000000e-030 3.916384e-001 1.000000e-030 1.285107e-307 1.000000e-030 1.000000e-030 1.000000e-030 1.000000e-030 2.484212e-074 1.000000e-030 6.083616e-001 1.000000e-030 1.000000e-030 1.000000e-030 1.000000e-030 1.000000e-030 1.000000e-030 1.000000e-030 1.000000e-030 1.000000e-030 1.000000e-030 1.000000e-030 1.000000e-030 1.000000e-030 1.000000e-030 1.000000e-030 7.694946e-292 1.000000e-030 1.000000e-030 1.000000e-030 1.000000e-030 
1.000000e-030 1.000000e-030 5.092311e-001 1.000000e-030 3.510234e-087 1.000000e-030 1.000000e-030 1.000000e-030 1.000000e-030 2.326723e-001 1.000000e-030 2.580966e-001 1.000000e-030 1.000000e-030 1.000000e-030 1.000000e-030 1.000000e-030 1.000000e-030 1.000000e-030 1.000000e-030 1.000000e-030 1.000000e-030 1.000000e-030 1.000000e-030 1.000000e-030 2.994935e-223 1.000000e-030 1.000000e-030 1.000000e-030 1.000000e-030 1.000000e-030 1.300931e-200 
1.000000e-030 3.373030e-002 3.818366e-001 3.373030e-002 1.686515e-001 1.000000e-030 1.000000e-030 1.000000e-030 1.000000e-030 1.095458e-001 1.000000e-030 7.012361e-002 1.000000e-030 3.373030e-002 1.000000e-030 1.000000e-030 1.000000e-030 1.000000e-030 1.000000e-030 1.000000e-030 1.000000e-030 1.000000e-030 1.000000e-030 1.000000e-030 1.000000e-030 6.746060e-002 1.000000e-030 3.373030e-002 1.000000e-030 3.373030e-002 1.000000e-030 3.373030e-002 
                             **************************************************************
Sample 16.......... 
P star:7.366899e-029 
 1   1   1   1   1   1   1   1   1   1   1   1   1   2   3   3   3   3   3   3   3   3   3   3   3   3   3   3   3   3   3   3   3   3   3   4   4   4   4   5   5   5   5   5   5   5   5   5   5   5   5   5   5   5   5   5   5   5   5   5  
Converged A matrix ......... 
0.862931 0.137069 0.000000 0.000000 0.000000 
0.000000 0.924832 0.075168 0.000000 0.000000 
0.000000 0.000000 0.925100 0.074900 0.000000 
0.000000 0.000000 0.000000 0.801968 0.198032 
0.000000 0.000000 0.000000 0.000000 1.000000 
Converged B matrix ......... 
1.000000e-030 1.000000e-030 8.620964e-001 1.000000e-030 1.000000e-030 1.000000e-030 1.000000e-030 1.000000e-030 1.000000e-030 1.379036e-001 1.000000e-030 3.059613e-015 1.000000e-030 1.000000e-030 1.000000e-030 1.000000e-030 1.000000e-030 1.000000e-030 1.000000e-030 1.000000e-030 1.000000e-030 1.000000e-030 1.000000e-030 1.000000e-030 1.000000e-030 1.348809e-263 1.000000e-030 1.000000e-030 1.000000e-030 1.000000e-030 1.000000e-030 1.000000e-030 
1.000000e-030 1.000000e-030 8.285558e-001 1.000000e-030 1.000000e-030 1.000000e-030 1.000000e-030 1.000000e-030 1.000000e-030 7.471000e-002 1.000000e-030 9.673423e-002 1.000000e-030 1.000000e-030 1.000000e-030 1.000000e-030 1.000000e-030 1.000000e-030 1.000000e-030 1.000000e-030 1.000000e-030 1.000000e-030 1.000000e-030 1.000000e-030 1.000000e-030 2.366576e-183 1.000000e-030 1.000000e-030 1.000000e-030 1.000000e-030 1.000000e-030 1.000000e-030 
1.000000e-030 1.000000e-030 9.420113e-001 1.000000e-030 2.705316e-180 1.000000e-030 1.000000e-030 1.000000e-030 1.000000e-030 4.257906e-034 1.000000e-030 5.314998e-002 1.000000e-030 1.000000e-030 1.000000e-030 1.000000e-030 1.000000e-030 1.000000e-030 1.000000e-030 1.000000e-030 1.000000e-030 1.000000e-030 1.000000e-030 1.000000e-030 1.000000e-030 4.838755e-003 1.000000e-030 1.000000e-030 1.000000e-030 1.000000e-030 1.000000e-030 1.000000e-030 
1.000000e-030 1.000000e-030 6.160413e-001 1.000000e-030 9.302812e-016 1.000000e-030 1.000000e-030 1.000000e-030 1.000000e-030 1.637943e-070 1.000000e-030 1.987199e-001 1.000000e-030 1.000000e-030 1.000000e-030 1.000000e-030 1.000000e-030 1.000000e-030 1.000000e-030 1.000000e-030 1.000000e-030 1.000000e-030 1.000000e-030 1.000000e-030 1.000000e-030 1.852387e-001 1.000000e-030 7.295765e-059 1.000000e-030 1.000000e-030 1.000000e-030 1.000000e-030 
1.000000e-030 1.000000e-030 3.809524e-001 9.523810e-002 1.904762e-001 4.761905e-002 1.000000e-030 1.000000e-030 1.000000e-030 1.428571e-001 1.000000e-030 4.002973e-016 1.000000e-030 9.523810e-002 1.000000e-030 1.000000e-030 1.000000e-030 1.000000e-030 1.000000e-030 1.000000e-030 1.000000e-030 1.000000e-030 1.000000e-030 1.000000e-030 1.000000e-030 7.676742e-189 1.000000e-030 4.761905e-002 1.000000e-030 1.000000e-030 1.000000e-030 1.000000e-030 
                             **************************************************************
Sample 17.......... 
P star:2.609565e-026 
 1   1   1   1   1   1   1   1   1   2   3   3   3   3   3   3   3   3   3   3   3   3   3   3   3   3   4   4   4   4   4   4   4   4   4   4   4   4   4   4   5   5   5   5   5   5   5   5   5   5   5   5   5   5   5   5   5   5   5   5  
Converged A matrix ......... 
0.844778 0.155222 0.000000 0.000000 0.000000 
0.000000 0.818553 0.181447 0.000000 0.000000 
0.000000 0.000000 0.939126 0.060874 0.000000 
0.000000 0.000000 0.000000 0.904274 0.095726 
0.000000 0.000000 0.000000 0.000000 1.000000 
Converged B matrix ......... 
1.000000e-030 1.000000e-030 1.000000e+000 1.000000e-030 1.000000e-030 1.000000e-030 1.000000e-030 1.000000e-030 1.000000e-030 1.479340e-285 1.000000e-030 1.559679e-026 1.000000e-030 1.000000e-030 1.000000e-030 1.000000e-030 1.000000e-030 1.000000e-030 1.000000e-030 1.000000e-030 1.000000e-030 1.000000e-030 1.000000e-030 1.000000e-030 1.000000e-030 1.000000e-030 1.000000e-030 1.000000e-030 1.000000e-030 1.000000e-030 1.000000e-030 1.000000e-030 
1.000000e-030 1.000000e-030 8.185530e-001 1.000000e-030 1.000000e-030 1.000000e-030 1.000000e-030 1.000000e-030 1.000000e-030 1.202052e-020 1.000000e-030 1.814470e-001 1.000000e-030 1.000000e-030 1.000000e-030 1.000000e-030 1.000000e-030 1.000000e-030 1.000000e-030 1.000000e-030 1.000000e-030 1.000000e-030 1.000000e-030 1.000000e-030 1.000000e-030 1.000000e-030 1.000000e-030 2.440755e-145 1.000000e-030 1.000000e-030 1.000000e-030 1.000000e-030 
1.000000e-030 1.000000e-030 8.577242e-001 4.446591e-323 6.622701e-120 1.000000e-030 1.000000e-030 1.000000e-030 1.000000e-030 1.053580e-001 1.000000e-030 1.865794e-039 1.000000e-030 1.000000e-030 1.000000e-030 1.000000e-030 1.000000e-030 1.000000e-030 1.000000e-030 1.000000e-030 1.000000e-030 1.000000e-030 1.000000e-030 1.000000e-030 1.000000e-030 1.000000e-030 1.000000e-030 3.691785e-002 1.000000e-030 6.751565e-266 1.000000e-030 7.303473e-267 
1.000000e-030 1.000000e-030 9.366120e-001 1.000000e-030 4.916139e-016 1.000000e-030 1.000000e-030 1.000000e-030 1.000000e-030 2.577465e-002 1.000000e-030 2.304817e-168 1.000000e-030 1.000000e-030 1.000000e-030 1.000000e-030 1.000000e-030 1.000000e-030 1.000000e-030 1.000000e-030 1.000000e-030 1.000000e-030 1.000000e-030 1.000000e-030 1.000000e-030 1.000000e-030 1.000000e-030 3.761336e-002 1.000000e-030 9.417059e-045 1.000000e-030 4.915169e-132 
1.000000e-030 1.000000e-030 4.804323e-001 9.446159e-002 4.723080e-002 4.723080e-002 1.000000e-030 1.000000e-030 1.000000e-030 4.154275e-309 1.000000e-030 1.000000e-030 1.000000e-030 1.416924e-001 1.000000e-030 1.000000e-030 1.000000e-030 1.000000e-030 1.000000e-030 1.000000e-030 1.000000e-030 1.000000e-030 1.000000e-030 1.000000e-030 1.000000e-030 1.000000e-030 1.000000e-030 9.449058e-002 1.000000e-030 4.723080e-002 1.000000e-030 4.723080e-002 
                             **************************************************************
Sample 18.......... 
P star:9.778463e-027 
 1   1   1   1   1   1   2   2   2   2   2   2   2   2   2   2   2   2   2   2   2   2   3   3   3   3   3   4   4   4   4   4   4   5   5   5   5   5   5   5   5   5   5   5   5   5   5   5   5   5   5   5   5   5   5   5   5   5   5   5  
Converged A matrix ......... 
0.890464 0.109536 0.000000 0.000000 0.000000 
0.000000 0.890648 0.109352 0.000000 0.000000 
0.000000 0.000000 0.885397 0.114603 0.000000 
0.000000 0.000000 0.000000 0.830176 0.169824 
0.000000 0.000000 0.000000 0.000000 1.000000 
Converged B matrix ......... 
1.000000e-030 1.000000e-030 9.329686e-001 2.272702e-322 9.376160e-122 1.000000e-030 1.000000e-030 1.000000e-030 1.000000e-030 6.703141e-002 1.000000e-030 1.000000e-030 1.000000e-030 1.000000e-030 1.000000e-030 1.000000e-030 1.000000e-030 1.000000e-030 1.000000e-030 1.000000e-030 1.000000e-030 1.000000e-030 1.000000e-030 1.000000e-030 1.000000e-030 1.877449e-322 1.000000e-030 7.354556e-203 1.000000e-030 1.000000e-030 1.000000e-030 4.687596e-122 
1.000000e-030 1.000000e-030 9.319630e-001 2.366324e-259 1.270687e-120 1.000000e-030 1.000000e-030 1.000000e-030 1.000000e-030 6.803701e-002 1.000000e-030 1.000000e-030 1.000000e-030 1.000000e-030 1.000000e-030 1.000000e-030 1.000000e-030 1.000000e-030 1.000000e-030 1.000000e-030 1.000000e-030 1.000000e-030 1.000000e-030 1.000000e-030 1.000000e-030 1.398206e-321 1.000000e-030 2.803897e-150 1.000000e-030 1.000000e-030 1.000000e-030 2.681786e-120 
1.000000e-030 1.000000e-030 9.122305e-001 9.039991e-259 1.288680e-015 1.000000e-030 1.000000e-030 1.000000e-030 1.000000e-030 8.776951e-002 1.000000e-030 1.000000e-030 1.000000e-030 1.000000e-030 1.000000e-030 1.000000e-030 1.000000e-030 1.000000e-030 1.000000e-030 1.000000e-030 1.000000e-030 1.000000e-030 1.000000e-030 1.000000e-030 1.000000e-030 1.151995e-258 1.000000e-030 1.429806e-120 1.000000e-030 1.000000e-030 1.000000e-030 5.485207e-298 
1.000000e-030 1.000000e-030 4.441477e-076 5.516476e-023 1.698236e-001 1.000000e-030 1.000000e-030 1.000000e-030 1.000000e-030 3.962833e-274 1.000000e-030 1.000000e-030 1.000000e-030 1.000000e-030 1.000000e-030 1.000000e-030 1.000000e-030 1.000000e-030 1.000000e-030 1.000000e-030 1.000000e-030 1.000000e-030 1.000000e-030 1.000000e-030 1.000000e-030 4.865611e-202 1.000000e-030 4.905291e-001 1.000000e-030 1.000000e-030 1.000000e-030 3.396473e-001 
1.000000e-030 7.376933e-002 6.270393e-001 1.106540e-001 3.688467e-002 1.000000e-030 1.000000e-030 1.000000e-030 1.000000e-030 4.894272e-231 1.000000e-030 3.688467e-002 1.000000e-030 1.000000e-030 1.000000e-030 1.000000e-030 1.000000e-030 1.000000e-030 1.000000e-030 1.000000e-030 1.000000e-030 1.000000e-030 1.000000e-030 1.000000e-030 1.000000e-030 7.376933e-002 1.000000e-030 4.099870e-002 1.000000e-030 1.000000e-030 1.000000e-030 5.184517e-066 
                             **************************************************************
Sample 19.......... 
P star:1.311503e-029 
 1   1   1   1   1   2   2   2   2   2   2   2   2   2   2   2   2   2   2   2   2   3   3   3   3   4   4   4   4   4   5   5   5   5   5   5   5   5   5   5   5   5   5   5   5   5   5   5   5   5   5   5   5   5   5   5   5   5   5   5  
Converged A matrix ......... 
0.903906 0.096094 0.000000 0.000000 0.000000 
0.000000 0.905603 0.094397 0.000000 0.000000 
0.000000 0.000000 0.744406 0.255594 0.000000 
0.000000 0.000000 0.000000 0.803441 0.196559 
0.000000 0.000000 0.000000 0.000000 1.000000 
Converged B matrix ......... 
1.000000e-030 1.000000e-030 9.039055e-001 1.400894e-268 2.204549e-253 1.000000e-030 1.000000e-030 1.000000e-030 1.000000e-030 1.000000e-030 1.000000e-030 9.609447e-002 1.000000e-030 1.000000e-030 1.000000e-030 1.000000e-030 1.000000e-030 1.000000e-030 1.000000e-030 1.000000e-030 1.000000e-030 1.000000e-030 1.000000e-030 1.000000e-030 1.000000e-030 1.000000e-030 1.000000e-030 3.190917e-265 1.536866e-223 1.000000e-030 1.000000e-030 1.000000e-030 
1.000000e-030 1.000000e-030 1.000000e+000 3.059911e-268 1.509716e-223 1.000000e-030 1.000000e-030 1.000000e-030 1.000000e-030 3.265693e-297 1.000000e-030 3.036137e-014 1.000000e-030 1.000000e-030 1.000000e-030 1.000000e-030 1.000000e-030 1.000000e-030 1.000000e-030 1.000000e-030 1.000000e-030 1.000000e-030 1.000000e-030 1.000000e-030 1.000000e-030 1.000000e-030 1.000000e-030 4.335273e-253 2.203483e-119 1.000000e-030 1.000000e-030 1.000000e-030 
1.000000e-030 1.000000e-030 1.598777e-059 7.066497e-265 2.332183e-001 1.000000e-030 1.000000e-030 1.000000e-030 1.000000e-030 1.201130e-267 1.000000e-030 5.111878e-001 1.000000e-030 1.553854e-296 1.000000e-030 1.000000e-030 1.000000e-030 1.000000e-030 1.000000e-030 1.000000e-030 1.000000e-030 1.000000e-030 1.000000e-030 1.000000e-030 1.000000e-030 1.000000e-030 1.000000e-030 1.346413e-161 2.555939e-001 1.000000e-030 1.000000e-030 1.000000e-030 
1.000000e-030 1.000000e-030 1.956554e-055 1.965585e-001 1.720742e-002 1.000000e-030 1.000000e-030 1.000000e-030 1.000000e-030 1.000000e-030 1.000000e-030 1.988686e-272 1.000000e-030 9.237011e-268 1.000000e-030 1.000000e-030 1.000000e-030 1.000000e-030 1.000000e-030 1.000000e-030 1.000000e-030 1.000000e-030 1.000000e-030 1.000000e-030 1.000000e-030 1.000000e-030 1.000000e-030 7.862341e-001 4.146153e-026 1.000000e-030 1.000000e-030 1.000000e-030 
1.000000e-030 1.000000e-030 5.000000e-001 2.631338e-062 1.333333e-001 3.333333e-002 1.000000e-030 1.000000e-030 1.000000e-030 3.333333e-002 1.000000e-030 1.000000e-001 1.000000e-030 1.333333e-001 1.000000e-030 1.000000e-030 1.000000e-030 1.000000e-030 1.000000e-030 1.000000e-030 1.000000e-030 1.000000e-030 1.000000e-030 1.000000e-030 1.000000e-030 1.000000e-030 1.000000e-030 8.265281e-153 1.000000e-030 6.666667e-002 1.000000e-030 1.000000e-030 
                             **************************************************************
Sample 20.......... 
P star:1.704270e-032 
 1   1   1   1   1   1   1   2   2   2   2   2   2   2   2   2   2   2   2   2   3   3   3   3   3   3   3   3   4   4   4   5   5   5   5   5   5   5   5   5   5   5   5   5   5   5   5   5   5   5   5   5   5   5   5   5   5   5   5   5  
Converged A matrix ......... 
0.904257 0.095743 0.000000 0.000000 0.000000 
0.000000 0.850012 0.149988 0.000000 0.000000 
0.000000 0.000000 0.912264 0.087736 0.000000 
0.000000 0.000000 0.000000 0.516034 0.483966 
0.000000 0.000000 0.000000 0.000000 1.000000 
Converged B matrix ......... 
1.000000e-030 1.000000e-030 9.185008e-001 1.000000e-030 1.000000e-030 1.000000e-030 1.000000e-030 1.000000e-030 1.000000e-030 8.149924e-002 1.000000e-030 2.246415e-215 1.000000e-030 1.000000e-030 1.000000e-030 1.000000e-030 1.000000e-030 1.000000e-030 1.000000e-030 1.000000e-030 1.000000e-030 1.000000e-030 1.000000e-030 1.000000e-030 1.000000e-030 1.000000e-030 1.000000e-030 1.000000e-030 1.000000e-030 1.000000e-030 1.000000e-030 1.000000e-030 
1.000000e-030 1.000000e-030 9.776864e-001 1.000000e-030 3.795254e-294 1.000000e-030 1.000000e-030 1.000000e-030 1.000000e-030 2.231356e-002 1.000000e-030 3.086719e-053 1.000000e-030 1.000000e-030 1.000000e-030 1.000000e-030 1.000000e-030 1.000000e-030 1.000000e-030 1.000000e-030 1.000000e-030 1.000000e-030 1.000000e-030 1.000000e-030 1.000000e-030 1.000000e-030 1.000000e-030 1.000000e-030 1.000000e-030 1.830597e-294 1.000000e-030 1.000000e-030 
1.000000e-030 1.000000e-030 7.781184e-001 1.000000e-030 1.000000e-030 1.000000e-030 1.000000e-030 1.000000e-030 1.000000e-030 4.422750e-149 1.000000e-030 2.218816e-001 1.000000e-030 1.000000e-030 1.000000e-030 1.000000e-030 1.000000e-030 1.000000e-030 1.000000e-030 1.000000e-030 1.000000e-030 1.000000e-030 1.000000e-030 1.000000e-030 1.000000e-030 1.000000e-030 1.000000e-030 1.000000e-030 1.000000e-030 1.149238e-294 1.000000e-030 2.220057e-294 
1.000000e-030 1.000000e-030 6.979879e-046 1.000000e-030 3.238401e-001 1.000000e-030 1.000000e-030 1.000000e-030 1.000000e-030 2.509436e-077 1.000000e-030 6.761599e-001 1.000000e-030 1.000000e-030 1.000000e-030 1.000000e-030 1.000000e-030 1.000000e-030 1.000000e-030 1.000000e-030 1.000000e-030 1.000000e-030 1.000000e-030 1.000000e-030 1.000000e-030 1.000000e-030 1.000000e-030 1.000000e-030 1.000000e-030 6.328173e-048 1.000000e-030 2.243615e-169 
1.000000e-030 1.000000e-030 4.084859e-001 1.000000e-030 7.921602e-002 1.000000e-030 1.000000e-030 1.000000e-030 1.000000e-030 1.473708e-291 1.000000e-030 1.384551e-001 1.000000e-030 6.797145e-002 3.398572e-002 1.000000e-030 1.000000e-030 1.000000e-030 1.000000e-030 1.000000e-030 1.000000e-030 1.000000e-030 1.000000e-030 1.000000e-030 1.000000e-030 1.699286e-001 3.398572e-002 1.000000e-030 1.000000e-030 3.398572e-002 1.000000e-030 3.398572e-002 
                             **************************************************************
