Sample 1.......... 
P star:1.068855e-007 
 1   2   3   4   4   4   4   4   4   4   4   4   4   4   4   4   4   4   4   4   4   4   4   4   4   4   4   4   4   4   4   4   4   4   4   4   4   4   4   4   4   4   4   4   4   4   4   4   4   4   4   4   4   4   4   4   4   4   4   5  
Converged A matrix ......... 
0.911605 0.088395 0.000000 0.000000 0.000000 
0.000000 0.911605 0.088395 0.000000 0.000000 
0.000000 0.000000 0.911605 0.088395 0.000000 
0.000000 0.000000 0.000000 0.936903 0.063097 
0.000000 0.000000 0.000000 0.000000 1.000000 
Converged B matrix ......... 
1.000000e-030 1.000000e+000 1.000000e-030 1.000000e-030 4.493453e-177 1.000000e-030 1.000000e-030 1.000000e-030 1.000000e-030 1.000000e-030 1.000000e-030 1.000000e-030 1.000000e-030 1.000000e-030 1.000000e-030 1.000000e-030 1.000000e-030 1.000000e-030 1.000000e-030 1.000000e-030 1.000000e-030 1.000000e-030 1.000000e-030 1.000000e-030 1.000000e-030 1.000000e-030 1.000000e-030 1.000000e-030 1.000000e-030 1.000000e-030 1.000000e-030 1.000000e-030 
1.000000e-030 1.000000e+000 1.000000e-030 1.000000e-030 4.757292e-099 1.000000e-030 1.000000e-030 1.000000e-030 1.000000e-030 1.000000e-030 1.000000e-030 1.000000e-030 1.000000e-030 1.000000e-030 1.000000e-030 1.000000e-030 1.000000e-030 1.000000e-030 1.000000e-030 1.000000e-030 1.000000e-030 1.000000e-030 1.000000e-030 1.000000e-030 1.000000e-030 1.000000e-030 1.000000e-030 1.000000e-030 1.000000e-030 1.000000e-030 1.000000e-030 1.000000e-030 
1.000000e-030 1.000000e+000 1.000000e-030 1.000000e-030 7.167381e-052 1.000000e-030 1.000000e-030 1.000000e-030 1.000000e-030 1.000000e-030 1.000000e-030 1.000000e-030 1.000000e-030 1.000000e-030 1.000000e-030 1.000000e-030 1.000000e-030 1.000000e-030 1.000000e-030 1.000000e-030 1.000000e-030 1.000000e-030 1.000000e-030 1.000000e-030 1.000000e-030 1.000000e-030 1.000000e-030 1.000000e-030 1.000000e-030 1.000000e-030 1.000000e-030 1.000000e-030 
1.000000e-030 1.000000e+000 1.000000e-030 1.000000e-030 1.090603e-016 1.000000e-030 1.000000e-030 1.000000e-030 1.000000e-030 1.000000e-030 1.000000e-030 1.000000e-030 1.000000e-030 1.000000e-030 1.000000e-030 1.000000e-030 1.000000e-030 1.000000e-030 1.000000e-030 1.000000e-030 1.000000e-030 1.000000e-030 1.000000e-030 1.000000e-030 1.000000e-030 1.000000e-030 1.000000e-030 1.000000e-030 1.000000e-030 1.000000e-030 1.000000e-030 1.000000e-030 
1.000000e-030 9.116052e-001 1.000000e-030 1.000000e-030 8.839481e-002 1.000000e-030 1.000000e-030 1.000000e-030 1.000000e-030 1.000000e-030 1.000000e-030 1.000000e-030 1.000000e-030 1.000000e-030 1.000000e-030 1.000000e-030 1.000000e-030 1.000000e-030 1.000000e-030 1.000000e-030 1.000000e-030 1.000000e-030 1.000000e-030 1.000000e-030 1.000000e-030 1.000000e-030 1.000000e-030 1.000000e-030 1.000000e-030 1.000000e-030 1.000000e-030 1.000000e-030 
                             **************************************************************
Sample 2.......... 
P star:7.844411e-034 
 1   1   1   2   2   2   2   2   3   3   3   3   3   3   3   3   4   4   4   4   4   4   4   4   4   4   5   5   5   5   5   5   5   5   5   5   5   5   5   5   5   5   5   5   5   5   5   5   5   5   5   5   5   5   5   5   5   5   5   5  
Converged A matrix ......... 
0.791130 0.208870 0.000000 0.000000 0.000000 
0.000000 0.834479 0.165521 0.000000 0.000000 
0.000000 0.000000 0.890521 0.109479 0.000000 
0.000000 0.000000 0.000000 0.810288 0.189712 
0.000000 0.000000 0.000000 0.000000 1.000000 
Converged B matrix ......... 
1.000000e-030 2.180366e-267 7.911299e-001 2.088701e-001 1.000000e-030 1.000000e-030 1.000000e-030 1.000000e-030 1.000000e-030 2.360143e-035 1.000000e-030 1.000000e-030 1.000000e-030 1.000000e-030 1.000000e-030 1.000000e-030 1.000000e-030 1.000000e-030 1.000000e-030 1.000000e-030 1.000000e-030 1.000000e-030 1.000000e-030 1.000000e-030 1.000000e-030 1.000000e-030 1.000000e-030 1.000000e-030 1.000000e-030 1.000000e-030 1.000000e-030 1.000000e-030 
1.000000e-030 1.052915e-049 8.344789e-001 4.730425e-038 1.000000e-030 1.000000e-030 1.000000e-030 1.000000e-030 1.000000e-030 1.655211e-001 1.000000e-030 1.000000e-030 1.000000e-030 1.000000e-030 1.000000e-030 1.000000e-030 1.000000e-030 1.000000e-030 1.000000e-030 1.000000e-030 1.000000e-030 1.000000e-030 1.000000e-030 1.000000e-030 1.000000e-030 1.000000e-030 1.000000e-030 1.000000e-030 1.000000e-030 1.000000e-030 1.000000e-030 1.000000e-030 
1.000000e-030 1.094540e-001 8.905460e-001 2.101350e-217 7.982737e-195 1.000000e-030 1.000000e-030 1.000000e-030 1.000000e-030 4.413803e-048 1.000000e-030 1.000000e-030 1.000000e-030 1.000000e-030 1.000000e-030 1.000000e-030 1.000000e-030 1.000000e-030 1.000000e-030 1.000000e-030 1.000000e-030 1.000000e-030 1.000000e-030 1.000000e-030 1.000000e-030 1.000000e-030 1.000000e-030 1.000000e-030 1.000000e-030 1.000000e-030 1.000000e-030 1.000000e-030 
1.000000e-030 4.755985e-011 1.000000e+000 1.000000e-030 1.583170e-033 1.000000e-030 1.000000e-030 2.777741e-126 1.000000e-030 4.879076e-098 1.000000e-030 1.000000e-030 1.000000e-030 1.000000e-030 1.000000e-030 1.000000e-030 1.000000e-030 1.000000e-030 1.000000e-030 1.000000e-030 1.000000e-030 1.000000e-030 1.000000e-030 1.000000e-030 1.000000e-030 1.000000e-030 1.000000e-030 1.000000e-030 1.000000e-030 1.000000e-030 1.000000e-030 1.000000e-030 
1.000000e-030 8.629904e-002 3.959457e-001 8.629255e-002 2.013493e-001 1.000000e-030 1.000000e-030 8.629255e-002 1.000000e-030 1.211060e-161 1.000000e-030 1.000000e-030 1.000000e-030 1.000000e-030 1.000000e-030 1.000000e-030 1.000000e-030 1.000000e-030 1.000000e-030 1.000000e-030 1.000000e-030 1.000000e-030 1.000000e-030 1.000000e-030 1.000000e-030 1.000000e-030 1.000000e-030 1.000000e-030 1.000000e-030 1.150567e-001 2.876418e-002 1.000000e-030 
                             **************************************************************
Sample 3.......... 
P star:3.927334e-034 
 1   1   1   1   1   2   2   2   2   2   2   3   3   4   4   4   4   4   4   4   4   4   4   4   4   4   4   4   4   4   4   4   4   4   4   4   4   5   5   5   5   5   5   5   5   5   5   5   5   5   5   5   5   5   5   5   5   5   5   5  
Converged A matrix ......... 
0.792020 0.207980 0.000000 0.000000 0.000000 
0.000000 0.844109 0.155891 0.000000 0.000000 
0.000000 0.000000 0.654456 0.345544 0.000000 
0.000000 0.000000 0.000000 0.955431 0.044569 
0.000000 0.000000 0.000000 0.000000 1.000000 
Converged B matrix ......... 
1.000000e-030 7.279511e-002 7.414063e-001 1.857985e-001 1.000000e-030 1.000000e-030 1.000000e-030 1.000000e-030 1.000000e-030 1.512355e-305 1.000000e-030 1.000000e-030 1.000000e-030 1.000000e-030 1.000000e-030 1.000000e-030 1.000000e-030 1.000000e-030 1.000000e-030 1.000000e-030 1.000000e-030 1.000000e-030 1.000000e-030 1.000000e-030 1.000000e-030 1.000000e-030 1.000000e-030 1.000000e-030 1.000000e-030 1.000000e-030 1.000000e-030 1.000000e-030 
1.000000e-030 1.360742e-001 6.914087e-001 1.725171e-001 1.000000e-030 1.000000e-030 1.000000e-030 1.000000e-030 1.000000e-030 1.674626e-096 1.000000e-030 1.000000e-030 1.000000e-030 1.000000e-030 1.000000e-030 1.000000e-030 1.000000e-030 1.000000e-030 1.000000e-030 1.000000e-030 1.000000e-030 1.000000e-030 1.000000e-030 1.000000e-030 1.000000e-030 1.000000e-030 1.000000e-030 1.000000e-030 1.000000e-030 1.000000e-030 1.000000e-030 1.000000e-030 
1.000000e-030 6.544556e-001 7.739645e-023 1.637924e-117 1.000000e-030 1.000000e-030 1.000000e-030 1.000000e-030 1.000000e-030 3.455444e-001 1.000000e-030 1.000000e-030 1.000000e-030 1.000000e-030 1.000000e-030 1.000000e-030 1.000000e-030 1.000000e-030 1.000000e-030 1.000000e-030 1.000000e-030 1.000000e-030 1.000000e-030 1.000000e-030 1.000000e-030 1.000000e-030 1.000000e-030 1.000000e-030 1.000000e-030 1.000000e-030 1.000000e-030 1.000000e-030 
1.000000e-030 6.142988e-001 3.857012e-001 1.514341e-314 1.000000e-030 1.000000e-030 1.000000e-030 1.000000e-030 1.000000e-030 1.346719e-126 1.000000e-030 1.000000e-030 1.000000e-030 1.000000e-030 1.000000e-030 1.000000e-030 1.000000e-030 1.000000e-030 1.000000e-030 1.000000e-030 1.000000e-030 1.000000e-030 1.000000e-030 1.000000e-030 1.000000e-030 4.275130e-049 1.000000e-030 1.000000e-030 1.000000e-030 1.000000e-030 1.000000e-030 1.000000e-030 
1.000000e-030 1.322181e-001 1.427090e-001 8.530269e-002 1.706054e-001 1.000000e-030 1.000000e-030 3.412108e-001 1.000000e-030 1.212002e-114 1.000000e-030 1.000000e-030 1.000000e-030 1.000000e-030 1.000000e-030 1.000000e-030 1.000000e-030 1.000000e-030 1.000000e-030 1.000000e-030 1.000000e-030 1.000000e-030 1.000000e-030 1.000000e-030 1.000000e-030 8.530269e-002 1.000000e-030 1.000000e-030 1.000000e-030 4.265135e-002 1.000000e-030 1.000000e-030 
                             **************************************************************
Sample 4.......... 
P star:2.358121e-030 
 1   1   1   1   1   2   2   2   2   2   2   2   2   2   2   2   3   3   3   3   3   3   3   3   3   3   3   3   3   3   3   3   3   3   3   4   5   5   5   5   5   5   5   5   5   5   5   5   5   5   5   5   5   5   5   5   5   5   5   5  
Converged A matrix ......... 
0.812887 0.187113 0.000000 0.000000 0.000000 
0.000000 0.893314 0.106686 0.000000 0.000000 
0.000000 0.000000 0.950696 0.049304 0.000000 
0.000000 0.000000 0.000000 0.000000 1.000000 
0.000000 0.000000 0.000000 0.000000 1.000000 
Converged B matrix ......... 
1.000000e-030 7.484515e-001 2.515485e-001 1.888707e-162 9.144510e-317 1.000000e-030 1.000000e-030 1.000000e-030 1.000000e-030 1.000000e-030 1.000000e-030 1.000000e-030 1.000000e-030 1.000000e-030 1.000000e-030 1.000000e-030 1.000000e-030 1.000000e-030 1.000000e-030 1.000000e-030 1.000000e-030 1.000000e-030 1.000000e-030 1.000000e-030 1.000000e-030 1.000000e-030 1.000000e-030 2.988856e-316 1.000000e-030 1.000000e-030 1.000000e-030 1.000000e-030 
1.000000e-030 8.445875e-012 8.933140e-001 1.066860e-001 1.633231e-210 1.000000e-030 1.000000e-030 1.454720e-269 1.000000e-030 1.000000e-030 1.000000e-030 1.000000e-030 1.000000e-030 1.000000e-030 1.000000e-030 1.000000e-030 1.000000e-030 1.000000e-030 1.000000e-030 1.000000e-030 1.000000e-030 1.000000e-030 1.000000e-030 1.000000e-030 1.000000e-030 1.000000e-030 1.000000e-030 1.633231e-210 1.000000e-030 7.912041e-211 1.000000e-030 1.000000e-030 
1.000000e-030 2.958240e-001 7.041760e-001 2.403298e-031 1.000000e-030 1.000000e-030 1.000000e-030 5.012200e-240 1.000000e-030 1.000000e-030 1.000000e-030 1.000000e-030 1.000000e-030 1.000000e-030 1.000000e-030 1.000000e-030 1.000000e-030 1.000000e-030 1.000000e-030 1.000000e-030 1.000000e-030 1.000000e-030 1.000000e-030 1.000000e-030 1.000000e-030 1.000000e-030 1.000000e-030 1.000000e-030 1.000000e-030 1.143919e-210 1.000000e-030 1.000000e-030 
1.000000e-030 1.000000e-030 1.000000e-030 1.000000e-030 1.000000e-030 1.000000e-030 1.000000e-030 1.530877e-209 1.000000e-030 1.000000e-030 1.000000e-030 1.000000e-030 1.000000e-030 1.000000e-030 1.000000e-030 1.000000e-030 1.000000e-030 1.000000e-030 1.000000e-030 1.000000e-030 1.000000e-030 1.000000e-030 1.000000e-030 1.000000e-030 1.000000e-030 1.000000e-030 1.000000e-030 1.000000e+000 1.000000e-030 1.000000e-030 1.000000e-030 1.000000e-030 
1.000000e-030 8.333333e-002 2.500000e-001 1.250000e-001 8.333333e-002 1.000000e-030 1.000000e-030 2.083333e-001 1.000000e-030 1.000000e-030 1.000000e-030 1.000000e-030 1.000000e-030 1.000000e-030 1.000000e-030 1.000000e-030 1.000000e-030 1.000000e-030 1.000000e-030 1.000000e-030 1.000000e-030 1.000000e-030 1.000000e-030 1.000000e-030 1.000000e-030 1.000000e-030 1.000000e-030 1.000000e-030 1.000000e-030 2.500000e-001 1.000000e-030 1.000000e-030 
                             **************************************************************
Sample 5.......... 
P star:7.217998e-026 
 1   1   1   1   1   1   1   2   2   3   3   3   3   3   3   3   3   3   3   3   3   3   3   3   4   4   4   4   4   4   4   4   4   4   4   4   4   4   4   4   4   4   4   5   5   5   5   5   5   5   5   5   5   5   5   5   5   5   5   5  
Converged A matrix ......... 
0.862267 0.137733 0.000000 0.000000 0.000000 
0.000000 0.425156 0.574844 0.000000 0.000000 
0.000000 0.000000 0.923276 0.076724 0.000000 
0.000000 0.000000 0.000000 0.951846 0.048154 
0.000000 0.000000 0.000000 0.000000 1.000000 
Converged B matrix ......... 
1.000000e-030 1.735991e-001 6.886674e-001 2.912035e-092 3.234195e-288 1.000000e-030 1.000000e-030 1.000000e-030 1.000000e-030 1.000000e-030 1.000000e-030 1.377335e-001 1.000000e-030 1.000000e-030 1.000000e-030 1.000000e-030 1.000000e-030 1.000000e-030 1.000000e-030 1.000000e-030 1.000000e-030 1.000000e-030 1.000000e-030 1.000000e-030 1.000000e-030 1.000000e-030 1.000000e-030 1.000000e-030 1.000000e-030 7.994214e-318 1.000000e-030 1.000000e-030 
1.000000e-030 1.000000e+000 2.232460e-008 8.300337e-133 5.460941e-258 1.000000e-030 1.000000e-030 1.000000e-030 1.000000e-030 1.000000e-030 1.000000e-030 8.734571e-285 1.000000e-030 1.000000e-030 1.000000e-030 1.000000e-030 1.000000e-030 1.000000e-030 1.000000e-030 1.000000e-030 1.000000e-030 1.000000e-030 1.000000e-030 1.000000e-030 1.000000e-030 1.000000e-030 1.000000e-030 1.000000e-030 1.000000e-030 2.015378e-287 1.000000e-030 1.000000e-030 
1.000000e-030 7.006200e-055 8.465528e-001 1.534472e-001 2.209302e-227 1.000000e-030 1.000000e-030 5.114698e-316 1.000000e-030 1.000000e-030 1.000000e-030 8.266672e-242 1.000000e-030 1.000000e-030 1.000000e-030 1.000000e-030 1.000000e-030 1.000000e-030 1.000000e-030 1.000000e-030 1.000000e-030 1.000000e-030 1.000000e-030 1.000000e-030 1.000000e-030 1.000000e-030 1.000000e-030 1.000000e-030 1.000000e-030 7.089638e-257 1.000000e-030 1.000000e-030 
1.000000e-030 1.926173e-001 8.073827e-001 2.213325e-061 2.820630e-068 1.000000e-030 1.000000e-030 8.251104e-157 1.000000e-030 1.000000e-030 1.000000e-030 1.000000e-030 1.000000e-030 1.000000e-030 1.000000e-030 1.000000e-030 1.000000e-030 1.000000e-030 1.000000e-030 1.000000e-030 1.000000e-030 1.000000e-030 1.000000e-030 1.000000e-030 1.000000e-030 1.000000e-030 1.000000e-030 1.000000e-030 1.000000e-030 9.235530e-098 1.000000e-030 1.000000e-030 
1.000000e-030 2.508123e-221 1.278884e-001 5.814077e-002 1.744223e-001 1.000000e-030 1.000000e-030 3.488446e-001 1.000000e-030 1.000000e-030 1.000000e-030 1.000000e-030 1.000000e-030 1.000000e-030 1.000000e-030 1.000000e-030 1.000000e-030 1.000000e-030 1.000000e-030 1.000000e-030 1.000000e-030 1.000000e-030 1.000000e-030 1.000000e-030 1.000000e-030 1.000000e-030 1.000000e-030 1.000000e-030 1.000000e-030 2.907039e-001 1.000000e-030 1.000000e-030 
                             **************************************************************
Sample 6.......... 
P star:1.119168e-035 
 1   1   2   2   2   2   2   2   2   2   2   3   3   3   3   3   3   3   3   3   3   3   3   3   3   3   3   3   3   3   3   3   3   3   4   4   4   5   5   5   5   5   5   5   5   5   5   5   5   5   5   5   5   5   5   5   5   5   5   5  
Converged A matrix ......... 
0.407234 0.592766 0.000000 0.000000 0.000000 
0.000000 0.918295 0.081705 0.000000 0.000000 
0.000000 0.000000 0.950184 0.049816 0.000000 
0.000000 0.000000 0.000000 0.689943 0.310057 
0.000000 0.000000 0.000000 0.000000 1.000000 
Converged B matrix ......... 
1.000000e-030 1.000000e+000 4.354276e-049 1.036653e-222 1.000000e-030 1.000000e-030 1.000000e-030 1.000000e-030 1.000000e-030 1.000000e-030 1.000000e-030 1.000000e-030 1.000000e-030 1.000000e-030 1.000000e-030 1.000000e-030 1.000000e-030 1.000000e-030 1.000000e-030 1.000000e-030 1.000000e-030 1.000000e-030 1.000000e-030 1.000000e-030 1.000000e-030 1.000000e-030 1.000000e-030 1.000000e-030 1.000000e-030 1.000000e-030 1.000000e-030 1.000000e-030 
1.000000e-030 2.004389e-001 5.792458e-001 2.203154e-001 2.926360e-299 1.000000e-030 1.000000e-030 2.107818e-299 1.000000e-030 1.000000e-030 1.000000e-030 1.000000e-030 1.000000e-030 1.000000e-030 1.000000e-030 1.000000e-030 1.000000e-030 1.000000e-030 1.000000e-030 1.000000e-030 1.000000e-030 1.000000e-030 1.000000e-030 1.000000e-030 1.000000e-030 4.776344e-125 1.000000e-030 1.000000e-030 1.000000e-030 2.156894e-299 1.000000e-030 1.000000e-030 
1.000000e-030 3.915444e-001 5.435194e-001 6.493620e-002 5.051176e-159 3.649173e-299 1.000000e-030 1.061637e-239 1.000000e-030 1.000000e-030 1.000000e-030 1.000000e-030 1.000000e-030 1.000000e-030 1.000000e-030 1.000000e-030 1.000000e-030 1.000000e-030 1.000000e-030 1.000000e-030 1.000000e-030 1.000000e-030 1.000000e-030 1.000000e-030 1.000000e-030 1.596464e-063 1.000000e-030 1.000000e-030 1.000000e-030 3.538789e-240 1.000000e-030 1.000000e-030 
1.000000e-030 5.621431e-172 7.004719e-037 6.201145e-001 6.982832e-002 2.202551e-239 1.000000e-030 3.186361e-291 1.000000e-030 1.000000e-030 1.000000e-030 1.000000e-030 1.000000e-030 1.000000e-030 1.000000e-030 1.000000e-030 1.000000e-030 1.000000e-030 1.000000e-030 1.000000e-030 1.000000e-030 1.000000e-030 1.000000e-030 1.000000e-030 1.000000e-030 3.100572e-001 1.000000e-030 1.000000e-030 1.000000e-030 2.747735e-066 1.000000e-030 1.000000e-030 
1.000000e-030 2.195410e-001 2.634492e-001 9.219984e-104 1.657442e-001 4.390820e-002 1.000000e-030 2.195410e-001 1.000000e-030 4.390820e-002 1.000000e-030 1.000000e-030 1.000000e-030 1.000000e-030 1.000000e-030 1.000000e-030 1.000000e-030 1.000000e-030 1.000000e-030 1.000000e-030 1.000000e-030 1.000000e-030 1.000000e-030 1.000000e-030 1.000000e-030 6.113926e-236 1.000000e-030 1.000000e-030 1.000000e-030 4.390820e-002 1.000000e-030 1.000000e-030 
                             **************************************************************
Sample 7.......... 
P star:1.311460e-036 
 1   2   2   2   2   2   2   2   2   3   3   3   3   3   3   3   3   3   3   3   3   3   3   3   3   3   3   3   3   3   3   4   4   4   4   4   4   5   5   5   5   5   5   5   5   5   5   5   5   5   5   5   5   5   5   5   5   5   5   5  
Converged A matrix ......... 
0.332055 0.667945 0.000000 0.000000 0.000000 
0.000000 0.909754 0.090246 0.000000 0.000000 
0.000000 0.000000 0.950953 0.049047 0.000000 
0.000000 0.000000 0.000000 0.735518 0.264482 
0.000000 0.000000 0.000000 0.000000 1.000000 
Converged B matrix ......... 
1.000000e-030 8.919467e-061 1.000000e+000 1.000000e-030 1.000000e-030 1.000000e-030 1.000000e-030 1.000000e-030 1.000000e-030 1.000000e-030 1.000000e-030 1.000000e-030 1.000000e-030 1.000000e-030 1.000000e-030 1.000000e-030 1.000000e-030 1.000000e-030 1.000000e-030 1.000000e-030 1.000000e-030 1.000000e-030 1.000000e-030 1.000000e-030 1.000000e-030 1.000000e-030 1.000000e-030 1.000000e-030 1.000000e-030 1.000000e-030 1.000000e-030 1.000000e-030 
1.000000e-030 6.332481e-001 3.667519e-001 3.254116e-057 1.000000e-030 1.000000e-030 1.000000e-030 1.000000e-030 1.000000e-030 1.000000e-030 1.000000e-030 1.000000e-030 1.000000e-030 1.000000e-030 1.000000e-030 1.000000e-030 1.000000e-030 1.000000e-030 1.000000e-030 1.000000e-030 1.000000e-030 1.000000e-030 1.000000e-030 1.000000e-030 1.000000e-030 1.000000e-030 1.000000e-030 1.000000e-030 1.000000e-030 1.000000e-030 1.000000e-030 1.000000e-030 
1.000000e-030 3.425027e-001 5.594024e-001 9.809494e-002 1.000000e-030 1.000000e-030 1.000000e-030 1.000000e-030 1.000000e-030 1.000000e-030 1.000000e-030 1.000000e-030 1.000000e-030 1.000000e-030 1.000000e-030 1.000000e-030 1.000000e-030 1.000000e-030 1.000000e-030 1.000000e-030 1.000000e-030 1.000000e-030 1.000000e-030 1.000000e-030 1.000000e-030 2.846055e-149 1.000000e-030 1.000000e-030 1.000000e-030 5.212385e-200 2.254190e-287 1.000000e-030 
1.000000e-030 6.368565e-028 7.355182e-001 2.162872e-110 1.000000e-030 1.000000e-030 1.000000e-030 1.000000e-030 1.000000e-030 1.000000e-030 1.000000e-030 1.000000e-030 1.000000e-030 1.000000e-030 1.000000e-030 1.000000e-030 1.000000e-030 1.000000e-030 1.000000e-030 1.000000e-030 1.000000e-030 1.000000e-030 1.000000e-030 1.000000e-030 1.000000e-030 2.644818e-001 1.000000e-030 1.000000e-030 1.000000e-030 8.324421e-023 4.665566e-282 1.000000e-030 
1.000000e-030 2.150292e-001 1.828889e-001 4.300585e-002 8.601169e-002 1.000000e-030 8.601169e-002 1.290175e-001 1.000000e-030 1.000000e-030 1.000000e-030 1.000000e-030 1.000000e-030 1.000000e-030 1.000000e-030 1.000000e-030 1.000000e-030 1.000000e-030 1.000000e-030 1.000000e-030 1.000000e-030 1.000000e-030 1.000000e-030 1.000000e-030 1.000000e-030 5.447721e-118 1.000000e-030 1.000000e-030 1.000000e-030 2.150292e-001 4.300585e-002 1.000000e-030 
                             **************************************************************
Sample 8.......... 
P star:1.431423e-022 
 1   1   1   1   1   2   2   2   2   2   2   2   2   2   2   2   2   2   2   2   2   2   3   3   4   4   4   4   4   4   4   4   4   4   4   4   4   4   4   4   4   4   4   4   4   4   4   5   5   5   5   5   5   5   5   5   5   5   5   5  
Converged A matrix ......... 
0.842949 0.157051 0.000000 0.000000 0.000000 
0.000000 0.936971 0.063029 0.000000 0.000000 
0.000000 0.000000 0.434063 0.565937 0.000000 
0.000000 0.000000 0.000000 0.956522 0.043478 
0.000000 0.000000 0.000000 0.000000 1.000000 
Converged B matrix ......... 
1.000000e-030 6.858984e-001 6.688012e-058 3.141016e-001 1.000000e-030 1.000000e-030 1.000000e-030 1.000000e-030 1.000000e-030 1.000000e-030 1.000000e-030 1.000000e-030 1.000000e-030 1.000000e-030 1.000000e-030 1.000000e-030 1.000000e-030 1.000000e-030 1.000000e-030 1.000000e-030 1.000000e-030 1.000000e-030 1.000000e-030 1.000000e-030 1.000000e-030 1.000000e-030 1.000000e-030 1.000000e-030 1.000000e-030 1.000000e-030 1.000000e-030 1.000000e-030 
1.000000e-030 8.592545e-001 1.407455e-001 6.241959e-023 1.000000e-030 1.000000e-030 1.000000e-030 1.000000e-030 1.000000e-030 1.000000e-030 1.000000e-030 1.000000e-030 1.000000e-030 1.000000e-030 1.000000e-030 1.000000e-030 1.000000e-030 1.000000e-030 1.000000e-030 1.000000e-030 1.000000e-030 1.000000e-030 1.000000e-030 1.000000e-030 1.000000e-030 1.000000e-030 1.000000e-030 1.000000e-030 1.000000e-030 1.000000e-030 1.000000e-030 1.000000e-030 
1.000000e-030 1.341957e-017 1.000000e+000 4.149833e-060 1.000000e-030 1.000000e-030 1.000000e-030 1.000000e-030 1.000000e-030 1.000000e-030 1.000000e-030 1.000000e-030 1.000000e-030 1.000000e-030 1.000000e-030 1.000000e-030 1.000000e-030 1.000000e-030 1.000000e-030 1.000000e-030 1.000000e-030 1.000000e-030 1.000000e-030 1.000000e-030 1.000000e-030 1.000000e-030 1.000000e-030 1.000000e-030 1.000000e-030 1.000000e-030 1.000000e-030 1.000000e-030 
1.000000e-030 9.130441e-001 4.236611e-022 8.695594e-002 2.811948e-130 1.000000e-030 1.000000e-030 1.000000e-030 1.000000e-030 1.000000e-030 1.000000e-030 1.000000e-030 1.000000e-030 1.000000e-030 1.000000e-030 1.000000e-030 1.000000e-030 1.000000e-030 1.000000e-030 1.000000e-030 1.000000e-030 1.000000e-030 1.000000e-030 1.000000e-030 1.000000e-030 1.000000e-030 1.000000e-030 1.000000e-030 1.000000e-030 1.000000e-030 1.000000e-030 1.000000e-030 
1.000000e-030 1.881726e-115 7.692299e-002 1.135543e-006 7.692299e-002 1.000000e-030 1.000000e-030 2.307690e-001 7.692299e-002 1.000000e-030 1.000000e-030 1.000000e-030 1.000000e-030 1.000000e-030 1.000000e-030 1.000000e-030 1.000000e-030 1.000000e-030 1.000000e-030 1.000000e-030 1.000000e-030 1.000000e-030 1.000000e-030 1.000000e-030 1.000000e-030 1.000000e-030 1.000000e-030 1.000000e-030 1.000000e-030 3.846149e-001 7.692299e-002 7.692299e-002 
                             **************************************************************
Sample 9.......... 
P star:6.532440e-019 
 1   1   1   1   1   1   1   1   1   1   1   1   1   1   1   1   1   1   1   1   2   2   2   2   2   2   2   2   3   3   3   3   3   3   3   3   3   3   3   3   3   3   4   5   5   5   5   5   5   5   5   5   5   5   5   5   5   5   5   5  
Converged A matrix ......... 
0.916958 0.083042 0.000000 0.000000 0.000000 
0.000000 0.930889 0.069111 0.000000 0.000000 
0.000000 0.000000 0.935436 0.064564 0.000000 
0.000000 0.000000 0.000000 0.000000 1.000000 
0.000000 0.000000 0.000000 0.000000 1.000000 
Converged B matrix ......... 
1.000000e-030 1.000000e+000 1.276233e-038 1.000000e-030 1.000000e-030 1.000000e-030 1.000000e-030 1.000000e-030 1.000000e-030 1.000000e-030 1.000000e-030 1.000000e-030 1.000000e-030 1.000000e-030 1.000000e-030 1.000000e-030 1.000000e-030 1.000000e-030 1.000000e-030 1.000000e-030 1.000000e-030 1.000000e-030 1.000000e-030 1.000000e-030 1.000000e-030 1.000000e-030 1.000000e-030 1.781720e-268 1.000000e-030 1.000000e-030 1.000000e-030 1.000000e-030 
1.000000e-030 9.061549e-001 9.384508e-002 1.000000e-030 2.720170e-151 1.000000e-030 1.000000e-030 4.257649e-210 1.000000e-030 1.000000e-030 1.000000e-030 1.000000e-030 1.000000e-030 1.000000e-030 1.000000e-030 1.000000e-030 1.000000e-030 1.000000e-030 1.000000e-030 1.000000e-030 1.000000e-030 1.000000e-030 1.000000e-030 1.000000e-030 1.000000e-030 1.000000e-030 1.000000e-030 1.375116e-121 1.000000e-030 1.684445e-239 1.000000e-030 1.000000e-030 
1.000000e-030 8.939785e-001 1.060215e-001 1.000000e-030 6.423272e-122 1.000000e-030 1.000000e-030 3.030894e-180 1.000000e-030 1.000000e-030 1.000000e-030 1.000000e-030 1.000000e-030 1.000000e-030 1.000000e-030 1.000000e-030 1.000000e-030 1.000000e-030 1.000000e-030 1.000000e-030 1.000000e-030 1.000000e-030 1.000000e-030 1.000000e-030 1.000000e-030 1.000000e-030 1.000000e-030 3.078885e-176 1.000000e-030 1.602719e-209 1.000000e-030 1.000000e-030 
1.000000e-030 1.156717e-060 9.999974e-001 1.000000e-030 9.948645e-121 1.000000e-030 1.000000e-030 7.891145e-150 1.000000e-030 1.000000e-030 1.000000e-030 1.000000e-030 1.000000e-030 1.000000e-030 1.000000e-030 1.000000e-030 1.000000e-030 1.000000e-030 1.000000e-030 1.000000e-030 1.000000e-030 1.000000e-030 1.000000e-030 1.000000e-030 1.000000e-030 1.000000e-030 1.000000e-030 2.623041e-006 1.000000e-030 4.694381e-179 1.000000e-030 1.000000e-030 
1.000000e-030 7.863941e-092 6.804221e-062 1.000000e-030 4.117648e-001 1.000000e-030 1.000000e-030 2.352942e-001 1.000000e-030 1.000000e-030 1.000000e-030 1.000000e-030 1.000000e-030 1.000000e-030 1.000000e-030 1.000000e-030 1.000000e-030 1.000000e-030 1.000000e-030 1.000000e-030 1.000000e-030 1.000000e-030 1.000000e-030 1.000000e-030 1.000000e-030 1.000000e-030 1.000000e-030 1.176469e-001 1.000000e-030 2.352942e-001 1.000000e-030 1.000000e-030 
                             **************************************************************
Sample 10.......... 
P star:8.596871e-031 
 1   1   1   1   1   1   1   1   2   2   3   3   3   3   3   3   3   3   3   3   3   3   3   3   3   3   4   5   5   5   5   5   5   5   5   5   5   5   5   5   5   5   5   5   5   5   5   5   5   5   5   5   5   5   5   5   5   5   5   5  
Converged A matrix ......... 
0.875000 0.125000 0.000000 0.000000 0.000000 
0.000000 0.500000 0.500000 0.000000 0.000000 
0.000000 0.000000 0.934170 0.065830 0.000000 
0.000000 0.000000 0.000000 0.628747 0.371253 
0.000000 0.000000 0.000000 0.000000 1.000000 
Converged B matrix ......... 
1.000000e-030 1.250000e-001 8.750000e-001 1.947390e-067 1.000000e-030 1.000000e-030 1.000000e-030 1.000000e-030 1.000000e-030 1.000000e-030 1.000000e-030 2.358656e-225 1.000000e-030 1.000000e-030 1.000000e-030 1.000000e-030 1.000000e-030 1.000000e-030 1.000000e-030 1.000000e-030 1.000000e-030 1.000000e-030 1.000000e-030 1.000000e-030 1.000000e-030 1.000000e-030 1.000000e-030 1.000000e-030 1.000000e-030 1.176123e-295 1.000000e-030 1.000000e-030 
1.000000e-030 6.163968e-082 6.918269e-018 1.000000e+000 1.000000e-030 1.000000e-030 1.000000e-030 1.000000e-030 1.000000e-030 1.000000e-030 1.000000e-030 1.573500e-294 1.000000e-030 1.000000e-030 1.000000e-030 1.000000e-030 1.000000e-030 1.000000e-030 1.000000e-030 1.000000e-030 1.000000e-030 1.000000e-030 1.000000e-030 1.000000e-030 1.000000e-030 1.000000e-030 1.000000e-030 1.000000e-030 1.000000e-030 1.510367e-294 1.000000e-030 1.975019e-308 
1.000000e-030 1.316594e-001 8.683406e-001 7.873783e-092 1.000000e-030 1.000000e-030 1.000000e-030 5.210835e-254 1.000000e-030 1.000000e-030 1.000000e-030 2.079637e-079 1.000000e-030 1.000000e-030 1.000000e-030 1.000000e-030 1.000000e-030 1.000000e-030 1.000000e-030 1.000000e-030 1.000000e-030 1.000000e-030 1.000000e-030 1.000000e-030 1.000000e-030 1.000000e-030 1.000000e-030 1.000000e-030 1.000000e-030 1.470820e-153 1.000000e-030 2.206456e-211 
1.000000e-030 8.999382e-090 6.287470e-001 1.000000e-030 1.000000e-030 1.000000e-030 1.000000e-030 2.938550e-224 1.000000e-030 1.000000e-030 1.000000e-030 3.712530e-001 1.000000e-030 1.000000e-030 1.000000e-030 1.000000e-030 1.000000e-030 1.000000e-030 1.000000e-030 1.000000e-030 1.000000e-030 1.000000e-030 1.000000e-030 1.000000e-030 1.000000e-030 1.000000e-030 1.000000e-030 1.000000e-030 1.000000e-030 1.466460e-046 1.000000e-030 4.359024e-296 
1.000000e-030 1.000000e-030 4.706640e-001 6.227482e-002 1.245496e-001 1.000000e-030 1.000000e-030 9.341223e-002 3.113741e-002 1.000000e-030 1.000000e-030 1.382760e-130 1.000000e-030 1.000000e-030 1.000000e-030 1.000000e-030 1.000000e-030 1.000000e-030 1.000000e-030 1.000000e-030 1.000000e-030 1.000000e-030 1.000000e-030 1.000000e-030 1.000000e-030 1.000000e-030 1.000000e-030 1.000000e-030 1.000000e-030 1.868245e-001 1.000000e-030 3.113741e-002 
                             **************************************************************
Sample 11.......... 
P star:1.403451e-026 
 1   1   1   1   1   1   1   1   1   1   1   1   1   1   1   1   2   3   3   3   4   4   4   4   4   4   4   4   4   4   4   4   4   4   4   4   4   4   5   5   5   5   5   5   5   5   5   5   5   5   5   5   5   5   5   5   5   5   5   5  
Converged A matrix ......... 
0.931195 0.068805 0.000000 0.000000 0.000000 
0.000000 0.594505 0.405495 0.000000 0.000000 
0.000000 0.000000 0.666667 0.333333 0.000000 
0.000000 0.000000 0.000000 0.944444 0.055556 
0.000000 0.000000 0.000000 0.000000 1.000000 
Converged B matrix ......... 
1.000000e-030 2.752190e-001 6.559762e-001 6.880475e-002 1.000000e-030 1.000000e-030 1.000000e-030 1.000000e-030 1.000000e-030 1.043591e-287 1.000000e-030 1.000000e-030 1.000000e-030 1.000000e-030 1.000000e-030 1.000000e-030 1.000000e-030 1.000000e-030 1.000000e-030 1.000000e-030 1.000000e-030 1.000000e-030 1.000000e-030 1.000000e-030 1.000000e-030 1.000000e-030 1.000000e-030 1.000000e-030 1.000000e-030 1.000000e-030 1.000000e-030 1.000000e-030 
1.000000e-030 4.222422e-012 1.000000e+000 1.000000e-030 1.000000e-030 1.000000e-030 1.000000e-030 1.000000e-030 1.000000e-030 7.722205e-043 1.000000e-030 1.000000e-030 1.000000e-030 1.000000e-030 1.000000e-030 1.000000e-030 1.000000e-030 1.000000e-030 1.000000e-030 1.000000e-030 1.000000e-030 1.000000e-030 1.000000e-030 1.000000e-030 1.000000e-030 1.000000e-030 1.000000e-030 1.000000e-030 1.000000e-030 1.000000e-030 1.000000e-030 1.000000e-030 
1.000000e-030 8.513530e-236 1.985609e-052 1.000000e-030 2.258060e-039 1.000000e-030 1.000000e-030 1.000000e-030 1.000000e-030 6.666667e-001 1.000000e-030 1.000000e-030 1.000000e-030 1.000000e-030 1.000000e-030 1.000000e-030 1.000000e-030 1.000000e-030 1.000000e-030 1.000000e-030 1.000000e-030 1.000000e-030 1.000000e-030 1.000000e-030 1.000000e-030 1.000000e-030 1.000000e-030 3.333333e-001 1.000000e-030 1.000000e-030 1.000000e-030 3.885800e-143 
1.000000e-030 1.000000e-030 4.745602e-117 1.000000e-030 5.555556e-001 5.555556e-002 1.000000e-030 1.000000e-030 1.000000e-030 3.393274e-152 1.000000e-030 1.000000e-030 1.000000e-030 1.000000e-030 1.000000e-030 1.000000e-030 1.000000e-030 1.000000e-030 1.000000e-030 1.000000e-030 1.000000e-030 1.000000e-030 1.000000e-030 1.000000e-030 1.000000e-030 1.000000e-030 1.000000e-030 4.212198e-062 1.000000e-030 2.777778e-001 1.000000e-030 1.111111e-001 
1.000000e-030 1.363636e-001 7.727273e-001 9.090909e-002 3.258416e-104 1.000000e-030 1.000000e-030 1.000000e-030 1.000000e-030 1.000000e-030 1.000000e-030 1.000000e-030 1.000000e-030 1.000000e-030 1.000000e-030 1.000000e-030 1.000000e-030 1.000000e-030 1.000000e-030 1.000000e-030 1.000000e-030 1.000000e-030 1.000000e-030 1.000000e-030 1.000000e-030 1.000000e-030 1.000000e-030 1.000000e-030 1.000000e-030 1.000000e-030 1.000000e-030 1.000000e-030 
                             **************************************************************
Sample 12.......... 
P star:8.838042e-039 
 1   1   1   1   1   1   1   1   2   2   2   2   2   2   2   2   3   3   3   3   3   3   3   4   4   4   4   4   5   5   5   5   5   5   5   5   5   5   5   5   5   5   5   5   5   5   5   5   5   5   5   5   5   5   5   5   5   5   5   5  
Converged A matrix ......... 
0.853567 0.146433 0.000000 0.000000 0.000000 
0.000000 0.907736 0.092264 0.000000 0.000000 
0.000000 0.000000 0.828344 0.171656 0.000000 
0.000000 0.000000 0.000000 0.734140 0.265860 
0.000000 0.000000 0.000000 0.000000 1.000000 
Converged B matrix ......... 
1.000000e-030 1.000000e+000 2.612053e-025 2.367290e-260 1.000000e-030 1.000000e-030 1.000000e-030 1.000000e-030 1.000000e-030 1.000000e-030 1.000000e-030 1.000000e-030 1.000000e-030 1.000000e-030 1.000000e-030 1.000000e-030 1.000000e-030 1.000000e-030 1.000000e-030 1.000000e-030 1.000000e-030 1.000000e-030 1.000000e-030 1.000000e-030 1.000000e-030 1.000000e-030 1.000000e-030 1.000000e-030 1.000000e-030 1.000000e-030 1.000000e-030 1.000000e-030 
1.000000e-030 5.210308e-001 2.936740e-001 9.303127e-002 3.150328e-150 1.000000e-030 1.000000e-030 7.937307e-267 1.000000e-030 9.226388e-002 1.000000e-030 1.000000e-030 1.000000e-030 1.000000e-030 1.000000e-030 1.000000e-030 1.000000e-030 1.000000e-030 1.000000e-030 1.000000e-030 1.000000e-030 1.000000e-030 1.000000e-030 1.000000e-030 1.000000e-030 1.000000e-030 1.000000e-030 1.000000e-030 1.000000e-030 8.085267e-209 8.235986e-151 1.000000e-030 
1.000000e-030 4.327186e-001 5.672814e-001 1.393772e-013 1.000000e-030 1.000000e-030 1.000000e-030 6.257697e-237 1.000000e-030 8.593090e-016 1.000000e-030 1.000000e-030 1.000000e-030 1.000000e-030 1.000000e-030 1.000000e-030 1.000000e-030 1.000000e-030 1.000000e-030 1.000000e-030 1.000000e-030 1.000000e-030 1.000000e-030 1.000000e-030 1.000000e-030 1.000000e-030 1.000000e-030 1.000000e-030 1.000000e-030 4.167889e-179 4.328853e-150 1.000000e-030 
1.000000e-030 4.155938e-023 7.383197e-001 2.616803e-001 1.789859e-039 1.000000e-030 1.000000e-030 1.625351e-207 1.000000e-030 1.920621e-150 1.000000e-030 1.000000e-030 1.000000e-030 1.000000e-030 1.000000e-030 1.000000e-030 1.000000e-030 1.000000e-030 1.000000e-030 1.000000e-030 1.000000e-030 1.000000e-030 1.000000e-030 1.000000e-030 1.000000e-030 1.000000e-030 1.000000e-030 1.000000e-030 1.000000e-030 4.538869e-150 2.893290e-255 1.000000e-030 
1.000000e-030 1.833196e-001 2.667596e-001 3.076474e-002 2.443087e-001 1.000000e-030 1.000000e-030 9.161577e-002 1.000000e-030 7.178139e-230 1.000000e-030 1.000000e-030 1.000000e-030 1.000000e-030 1.000000e-030 1.000000e-030 1.000000e-030 1.000000e-030 1.000000e-030 1.000000e-030 1.000000e-030 1.000000e-030 1.000000e-030 1.000000e-030 1.000000e-030 1.000000e-030 1.000000e-030 3.053859e-002 1.000000e-030 9.161577e-002 6.107718e-002 1.000000e-030 
                             **************************************************************
Sample 13.......... 
P star:4.440064e-028 
 1   1   1   1   1   1   1   1   1   1   1   1   1   1   1   1   1   1   1   1   2   3   3   4   4   4   4   4   4   4   4   4   4   4   4   4   4   4   5   5   5   5   5   5   5   5   5   5   5   5   5   5   5   5   5   5   5   5   5   5  
Converged A matrix ......... 
0.911145 0.088855 0.000000 0.000000 0.000000 
0.000000 0.897391 0.102609 0.000000 0.000000 
0.000000 0.000000 0.500000 0.500000 0.000000 
0.000000 0.000000 0.000000 0.933333 0.066667 
0.000000 0.000000 0.000000 0.000000 1.000000 
Converged B matrix ......... 
1.000000e-030 5.902210e-001 4.097790e-001 1.000000e-030 1.000000e-030 1.000000e-030 1.000000e-030 1.000000e-030 1.000000e-030 1.000000e-030 1.000000e-030 1.000000e-030 1.000000e-030 1.000000e-030 1.000000e-030 1.000000e-030 1.000000e-030 1.000000e-030 1.000000e-030 1.000000e-030 1.000000e-030 1.000000e-030 1.000000e-030 1.000000e-030 1.000000e-030 8.901638e-242 1.000000e-030 1.000000e-030 1.000000e-030 1.000000e-030 1.000000e-030 1.000000e-030 
1.000000e-030 5.497272e-001 4.502728e-001 1.000000e-030 1.000000e-030 1.000000e-030 1.000000e-030 1.000000e-030 1.000000e-030 1.000000e-030 1.000000e-030 1.000000e-030 1.000000e-030 1.000000e-030 1.000000e-030 1.000000e-030 1.000000e-030 1.000000e-030 1.000000e-030 1.000000e-030 1.000000e-030 1.000000e-030 1.000000e-030 1.000000e-030 1.000000e-030 1.172224e-076 1.000000e-030 1.000000e-030 1.000000e-030 1.000000e-030 1.000000e-030 1.000000e-030 
1.000000e-030 3.672660e-184 2.475339e-023 1.000000e-030 5.020162e-030 1.000000e-030 1.000000e-030 1.000000e-030 1.000000e-030 1.000000e-030 1.000000e-030 1.000000e-030 1.000000e-030 1.000000e-030 1.000000e-030 1.000000e-030 1.000000e-030 1.000000e-030 1.000000e-030 1.000000e-030 1.000000e-030 1.000000e-030 1.000000e-030 1.000000e-030 1.000000e-030 1.000000e+000 1.000000e-030 1.000000e-030 1.000000e-030 1.000000e-030 1.000000e-030 1.000000e-030 
1.000000e-030 4.421580e-303 3.225035e-081 1.000000e-030 4.666667e-001 1.000000e-030 1.000000e-030 1.000000e-030 1.000000e-030 1.000000e-030 1.000000e-030 1.000000e-030 1.000000e-030 1.000000e-030 1.000000e-030 1.000000e-030 1.000000e-030 1.000000e-030 1.000000e-030 1.000000e-030 1.000000e-030 1.000000e-030 1.000000e-030 1.000000e-030 1.000000e-030 8.569346e-087 1.000000e-030 1.000000e-030 1.000000e-030 4.666667e-001 1.000000e-030 6.666667e-002 
1.000000e-030 4.545455e-001 4.090909e-001 9.090909e-002 8.953753e-096 1.000000e-030 1.000000e-030 1.000000e-030 1.000000e-030 4.545455e-002 1.000000e-030 1.000000e-030 1.000000e-030 1.000000e-030 1.000000e-030 1.000000e-030 1.000000e-030 1.000000e-030 1.000000e-030 1.000000e-030 1.000000e-030 1.000000e-030 1.000000e-030 1.000000e-030 1.000000e-030 1.000000e-030 1.000000e-030 1.000000e-030 1.000000e-030 1.000000e-030 1.000000e-030 1.000000e-030 
                             **************************************************************
Sample 14.......... 
P star:2.108740e-023 
 1   1   2   2   2   2   2   2   2   2   2   2   2   2   2   2   2   2   2   2   2   2   2   2   2   2   2   3   3   3   3   3   3   3   3   3   3   3   3   3   4   5   5   5   5   5   5   5   5   5   5   5   5   5   5   5   5   5   5   5  
Converged A matrix ......... 
0.685110 0.314890 0.000000 0.000000 0.000000 
0.000000 0.964829 0.035171 0.000000 0.000000 
0.000000 0.000000 0.880837 0.119163 0.000000 
0.000000 0.000000 0.000000 0.000000 1.000000 
0.000000 0.000000 0.000000 0.000000 1.000000 
Converged B matrix ......... 
1.000000e-030 5.351445e-108 6.851104e-001 1.000000e-030 1.000000e-030 1.000000e-030 1.000000e-030 1.000000e-030 1.000000e-030 1.000000e-030 1.000000e-030 3.148896e-001 1.000000e-030 1.000000e-030 1.000000e-030 1.000000e-030 1.000000e-030 1.000000e-030 1.000000e-030 1.000000e-030 1.000000e-030 1.000000e-030 1.000000e-030 1.000000e-030 1.000000e-030 1.000000e-030 1.000000e-030 1.000000e-030 1.000000e-030 1.000000e-030 1.000000e-030 1.000000e-030 
1.000000e-030 1.758554e-001 8.241446e-001 1.000000e-030 1.000000e-030 1.000000e-030 1.000000e-030 1.000000e-030 1.000000e-030 1.000000e-030 1.000000e-030 2.038024e-113 1.000000e-030 1.000000e-030 1.000000e-030 1.000000e-030 1.000000e-030 1.000000e-030 1.000000e-030 1.000000e-030 1.000000e-030 1.000000e-030 1.000000e-030 1.000000e-030 1.000000e-030 8.126337e-274 1.000000e-030 1.000000e-030 1.000000e-030 1.000000e-030 1.000000e-030 1.000000e-030 
1.000000e-030 6.539321e-031 1.000000e+000 2.753289e-273 1.000000e-030 1.000000e-030 1.000000e-030 1.000000e-030 1.000000e-030 1.000000e-030 1.000000e-030 1.000000e-030 1.000000e-030 1.000000e-030 1.000000e-030 1.000000e-030 1.000000e-030 1.000000e-030 1.000000e-030 1.000000e-030 1.000000e-030 1.000000e-030 1.000000e-030 1.000000e-030 1.000000e-030 1.073341e-235 1.000000e-030 1.000000e-030 1.000000e-030 1.000000e-030 1.000000e-030 1.000000e-030 
1.000000e-030 6.491692e-263 2.799789e-243 9.007305e-235 1.000000e-030 1.000000e-030 1.000000e-030 1.000000e-030 1.000000e-030 1.000000e-030 1.000000e-030 1.000000e-030 1.000000e-030 1.000000e-030 1.000000e-030 1.000000e-030 1.000000e-030 1.000000e-030 1.000000e-030 1.000000e-030 1.000000e-030 1.000000e-030 1.000000e-030 1.000000e-030 1.000000e-030 1.000000e+000 1.000000e-030 1.000000e-030 1.000000e-030 2.310516e-272 1.000000e-030 1.000000e-030 
1.000000e-030 1.000000e-030 2.631579e-001 5.263158e-002 2.105263e-001 1.000000e-030 1.000000e-030 5.263158e-002 1.000000e-030 1.000000e-030 1.000000e-030 1.000000e-030 1.000000e-030 1.000000e-030 1.000000e-030 1.000000e-030 1.000000e-030 1.000000e-030 1.000000e-030 1.000000e-030 1.000000e-030 1.000000e-030 1.000000e-030 1.000000e-030 1.000000e-030 1.473573e-244 1.000000e-030 1.000000e-030 1.000000e-030 3.684211e-001 1.000000e-030 5.263158e-002 
                             **************************************************************
Sample 15.......... 
P star:1.882621e-027 
 1   1   1   1   1   1   1   1   1   2   2   2   2   2   2   2   2   2   3   3   3   3   4   4   4   4   4   4   4   4   4   4   5   5   5   5   5   5   5   5   5   5   5   5   5   5   5   5   5   5   5   5   5   5   5   5   5   5   5   5  
Converged A matrix ......... 
0.820818 0.179182 0.000000 0.000000 0.000000 
0.000000 0.886843 0.113157 0.000000 0.000000 
0.000000 0.000000 0.911366 0.088634 0.000000 
0.000000 0.000000 0.000000 0.848181 0.151819 
0.000000 0.000000 0.000000 0.000000 1.000000 
Converged B matrix ......... 
1.000000e-030 1.000000e+000 8.352542e-029 1.000000e-030 1.000000e-030 1.000000e-030 1.000000e-030 1.000000e-030 1.000000e-030 1.000000e-030 1.000000e-030 1.000000e-030 1.000000e-030 1.000000e-030 1.000000e-030 1.000000e-030 1.000000e-030 1.000000e-030 1.000000e-030 1.000000e-030 1.000000e-030 1.000000e-030 1.000000e-030 1.000000e-030 1.000000e-030 1.000000e-030 1.000000e-030 1.000000e-030 1.000000e-030 1.000000e-030 1.000000e-030 1.000000e-030 
1.000000e-030 8.144248e-001 1.855752e-001 1.288440e-019 1.000000e-030 1.000000e-030 1.000000e-030 1.000000e-030 1.000000e-030 1.000000e-030 1.000000e-030 1.000000e-030 1.000000e-030 1.000000e-030 1.000000e-030 1.000000e-030 1.000000e-030 1.000000e-030 1.000000e-030 1.000000e-030 1.000000e-030 1.000000e-030 1.000000e-030 1.000000e-030 1.000000e-030 1.000000e-030 1.000000e-030 1.000000e-030 1.000000e-030 3.112369e-217 1.000000e-030 1.000000e-030 
1.000000e-030 6.872756e-001 2.240904e-001 8.863401e-002 1.000000e-030 1.000000e-030 1.000000e-030 1.000000e-030 1.000000e-030 1.000000e-030 1.000000e-030 1.000000e-030 1.000000e-030 1.000000e-030 1.000000e-030 1.000000e-030 1.000000e-030 1.000000e-030 1.000000e-030 1.000000e-030 1.000000e-030 1.000000e-030 1.000000e-030 1.000000e-030 1.000000e-030 1.000000e-030 1.000000e-030 1.000000e-030 1.000000e-030 2.816461e-169 1.000000e-030 1.000000e-030 
1.000000e-030 8.097323e-001 1.902674e-001 3.225318e-007 8.756466e-299 1.000000e-030 1.000000e-030 1.000000e-030 1.000000e-030 1.000000e-030 1.000000e-030 1.000000e-030 1.000000e-030 1.000000e-030 1.000000e-030 1.000000e-030 1.000000e-030 1.000000e-030 1.000000e-030 1.000000e-030 1.000000e-030 1.000000e-030 1.000000e-030 1.000000e-030 1.000000e-030 1.000000e-030 1.000000e-030 1.000000e-030 1.000000e-030 2.006462e-138 1.000000e-030 1.000000e-030 
1.000000e-030 1.130959e-001 4.178052e-001 1.780235e-093 1.443381e-001 1.000000e-030 1.000000e-030 1.000000e-030 1.000000e-030 1.000000e-030 1.000000e-030 1.000000e-030 1.000000e-030 1.000000e-030 1.000000e-030 1.000000e-030 1.000000e-030 1.000000e-030 1.000000e-030 1.000000e-030 1.000000e-030 1.000000e-030 1.000000e-030 1.000000e-030 1.000000e-030 1.000000e-030 1.000000e-030 1.000000e-030 1.000000e-030 3.247608e-001 1.000000e-030 1.000000e-030 
                             **************************************************************
Sample 16.......... 
P star:2.369361e-027 
 1   1   1   1   1   1   1   1   1   1   1   1   1   1   1   1   1   1   1   1   1   1   1   1   1   2   3   4   4   4   4   5   5   5   5   5   5   5   5   5   5   5   5   5   5   5   5   5   5   5   5   5   5   5   5   5   5   5   5   5  
Converged A matrix ......... 
0.888889 0.111111 0.000000 0.000000 0.000000 
0.000000 0.888889 0.111111 0.000000 0.000000 
0.000000 0.000000 0.888889 0.111111 0.000000 
0.000000 0.000000 0.000000 0.750000 0.250000 
0.000000 0.000000 0.000000 0.000000 1.000000 
Converged B matrix ......... 
1.000000e-030 1.000000e-030 1.000000e+000 1.000000e-030 1.000000e-030 1.000000e-030 1.000000e-030 1.000000e-030 1.000000e-030 1.760561e-276 1.000000e-030 1.000000e-030 1.000000e-030 1.000000e-030 1.000000e-030 1.000000e-030 1.000000e-030 1.000000e-030 1.000000e-030 1.000000e-030 1.000000e-030 1.000000e-030 1.000000e-030 1.000000e-030 1.000000e-030 1.000000e-030 1.000000e-030 1.000000e-030 1.000000e-030 1.000000e-030 1.000000e-030 1.000000e-030 
1.000000e-030 1.760561e-276 1.000000e+000 1.000000e-030 1.000000e-030 1.000000e-030 1.000000e-030 1.000000e-030 1.000000e-030 1.000000e-030 1.000000e-030 1.000000e-030 1.000000e-030 1.000000e-030 1.000000e-030 1.000000e-030 1.000000e-030 1.000000e-030 1.000000e-030 1.000000e-030 1.000000e-030 1.000000e-030 1.000000e-030 1.000000e-030 1.000000e-030 1.000000e-030 1.000000e-030 1.000000e-030 1.000000e-030 1.000000e-030 1.000000e-030 1.000000e-030 
1.000000e-030 6.947737e-183 1.000000e+000 1.000000e-030 1.000000e-030 1.000000e-030 1.000000e-030 1.000000e-030 1.000000e-030 2.249207e-027 1.000000e-030 1.000000e-030 1.000000e-030 1.000000e-030 1.000000e-030 1.000000e-030 1.000000e-030 1.000000e-030 1.000000e-030 1.000000e-030 1.000000e-030 1.000000e-030 1.000000e-030 1.000000e-030 1.000000e-030 1.201543e-273 1.000000e-030 1.000000e-030 1.000000e-030 1.000000e-030 1.000000e-030 1.000000e-030 
1.000000e-030 2.500000e-001 1.489512e-069 1.000000e-030 8.445481e-016 1.000000e-030 1.000000e-030 1.000000e-030 1.000000e-030 2.500000e-001 1.000000e-030 1.000000e-030 1.000000e-030 1.000000e-030 1.000000e-030 1.000000e-030 1.000000e-030 1.000000e-030 1.000000e-030 1.000000e-030 1.000000e-030 1.000000e-030 1.000000e-030 1.000000e-030 1.000000e-030 2.500000e-001 1.000000e-030 2.500000e-001 1.000000e-030 1.530475e-145 1.000000e-030 5.215702e-261 
1.000000e-030 3.448276e-002 4.482759e-001 3.448276e-002 2.413793e-001 1.000000e-030 1.000000e-030 1.000000e-030 1.000000e-030 1.000000e-030 1.000000e-030 1.000000e-030 1.000000e-030 1.000000e-030 1.000000e-030 1.000000e-030 1.000000e-030 1.000000e-030 1.000000e-030 1.000000e-030 1.000000e-030 1.000000e-030 1.000000e-030 1.000000e-030 1.000000e-030 3.550557e-309 1.000000e-030 3.049008e-072 1.000000e-030 1.034483e-001 3.448276e-002 1.034483e-001 
                             **************************************************************
Sample 17.......... 
P star:9.103586e-033 
 1   1   1   1   1   1   1   2   2   2   3   3   3   3   3   3   3   3   3   3   3   3   3   3   4   4   4   4   4   5   5   5   5   5   5   5   5   5   5   5   5   5   5   5   5   5   5   5   5   5   5   5   5   5   5   5   5   5   5   5  
Converged A matrix ......... 
0.761554 0.238446 0.000000 0.000000 0.000000 
0.000000 0.893690 0.106310 0.000000 0.000000 
0.000000 0.000000 0.903843 0.096157 0.000000 
0.000000 0.000000 0.000000 0.774976 0.225024 
0.000000 0.000000 0.000000 0.000000 1.000000 
Converged B matrix ......... 
1.000000e-030 5.656739e-165 8.926224e-001 1.073776e-001 1.000000e-030 1.000000e-030 1.000000e-030 1.000000e-030 1.000000e-030 1.379832e-017 1.000000e-030 1.000000e-030 1.000000e-030 1.000000e-030 1.000000e-030 1.000000e-030 1.000000e-030 1.000000e-030 1.000000e-030 1.000000e-030 1.000000e-030 1.000000e-030 1.000000e-030 1.000000e-030 1.000000e-030 1.000000e-030 1.000000e-030 1.000000e-030 1.000000e-030 1.000000e-030 1.000000e-030 1.000000e-030 
1.000000e-030 1.063098e-001 6.748801e-001 1.125003e-001 6.041707e-144 1.000000e-030 1.000000e-030 1.000000e-030 1.000000e-030 1.063098e-001 1.000000e-030 1.000000e-030 1.000000e-030 1.000000e-030 1.000000e-030 1.000000e-030 1.000000e-030 1.000000e-030 1.000000e-030 1.000000e-030 1.000000e-030 1.000000e-030 1.000000e-030 1.000000e-030 1.000000e-030 6.902890e-059 1.000000e-030 1.000000e-030 1.000000e-030 1.000000e-030 1.000000e-030 1.000000e-030 
1.000000e-030 4.211953e-038 9.527443e-001 4.725572e-002 4.605163e-116 1.000000e-030 1.000000e-030 1.000000e-030 1.000000e-030 1.493624e-241 1.000000e-030 1.000000e-030 1.000000e-030 1.000000e-030 1.000000e-030 1.000000e-030 1.000000e-030 1.000000e-030 1.000000e-030 1.000000e-030 1.000000e-030 1.000000e-030 1.000000e-030 1.000000e-030 1.000000e-030 5.318193e-029 1.000000e-030 1.000000e-030 1.000000e-030 1.000000e-030 1.000000e-030 1.000000e-030 
1.000000e-030 3.136671e-215 1.864845e-067 4.257677e-001 3.492083e-001 1.000000e-030 1.000000e-030 1.000000e-030 1.000000e-030 1.691995e-215 1.000000e-030 1.000000e-030 1.000000e-030 1.000000e-030 1.000000e-030 1.000000e-030 1.000000e-030 1.000000e-030 1.000000e-030 1.000000e-030 1.000000e-030 1.000000e-030 1.000000e-030 1.000000e-030 1.000000e-030 2.250240e-001 1.000000e-030 1.000000e-030 1.000000e-030 1.174415e-039 1.000000e-030 3.582082e-295 
1.000000e-030 3.168966e-002 4.753450e-001 6.679867e-002 1.409597e-001 1.000000e-030 1.000000e-030 1.000000e-030 1.000000e-030 1.235923e-216 1.000000e-030 1.000000e-030 1.000000e-030 1.000000e-030 1.000000e-030 1.000000e-030 1.000000e-030 1.000000e-030 1.000000e-030 1.000000e-030 1.000000e-030 1.000000e-030 1.000000e-030 1.000000e-030 1.000000e-030 2.440518e-185 1.000000e-030 3.168966e-002 1.000000e-030 2.218277e-001 1.000000e-030 3.168966e-002 
                             **************************************************************
Sample 18.......... 
P star:2.602874e-027 
 1   1   1   1   1   1   2   2   2   2   2   2   3   3   3   3   3   4   4   4   4   4   4   4   4   4   4   4   4   5   5   5   5   5   5   5   5   5   5   5   5   5   5   5   5   5   5   5   5   5   5   5   5   5   5   5   5   5   5   5  
Converged A matrix ......... 
0.850664 0.149336 0.000000 0.000000 0.000000 
0.000000 0.811452 0.188548 0.000000 0.000000 
0.000000 0.000000 0.800000 0.200000 0.000000 
0.000000 0.000000 0.000000 0.908537 0.091463 
0.000000 0.000000 0.000000 0.000000 1.000000 
Converged B matrix ......... 
1.000000e-030 4.026560e-001 5.973440e-001 2.132690e-134 1.000000e-030 1.000000e-030 1.000000e-030 1.000000e-030 1.000000e-030 1.000000e-030 1.000000e-030 1.000000e-030 1.000000e-030 1.000000e-030 1.000000e-030 1.000000e-030 1.000000e-030 1.000000e-030 1.000000e-030 1.000000e-030 1.000000e-030 1.000000e-030 1.000000e-030 1.000000e-030 1.000000e-030 1.000000e-030 1.000000e-030 1.000000e-030 1.000000e-030 1.000000e-030 1.000000e-030 1.000000e-030 
1.000000e-030 1.000000e+000 4.190012e-034 9.157095e-248 1.000000e-030 1.000000e-030 1.000000e-030 1.000000e-030 1.000000e-030 1.000000e-030 1.000000e-030 1.000000e-030 1.000000e-030 1.000000e-030 1.000000e-030 1.000000e-030 1.000000e-030 1.000000e-030 1.000000e-030 1.000000e-030 1.000000e-030 1.000000e-030 1.000000e-030 1.000000e-030 1.000000e-030 1.000000e-030 1.000000e-030 1.000000e-030 1.000000e-030 1.000000e-030 1.000000e-030 1.000000e-030 
1.000000e-030 4.923237e-042 8.000001e-001 1.999999e-001 9.585211e-221 1.000000e-030 1.000000e-030 1.456511e-163 1.000000e-030 1.000000e-030 1.000000e-030 1.000000e-030 1.000000e-030 1.000000e-030 1.000000e-030 1.000000e-030 1.000000e-030 1.000000e-030 1.000000e-030 1.000000e-030 1.000000e-030 1.000000e-030 1.000000e-030 1.000000e-030 1.000000e-030 1.000000e-030 1.000000e-030 1.000000e-030 1.000000e-030 4.917854e-250 1.000000e-030 1.000000e-030 
1.000000e-030 1.000000e+000 6.442531e-088 2.462280e-079 5.853139e-192 1.000000e-030 1.000000e-030 1.298247e-134 1.000000e-030 1.000000e-030 1.000000e-030 1.000000e-030 1.000000e-030 1.000000e-030 1.000000e-030 1.000000e-030 1.000000e-030 1.000000e-030 1.000000e-030 1.000000e-030 1.000000e-030 1.000000e-030 1.000000e-030 1.000000e-030 1.000000e-030 1.000000e-030 1.000000e-030 1.000000e-030 1.000000e-030 2.143587e-220 1.000000e-030 1.000000e-030 
1.000000e-030 4.698546e-001 6.237013e-002 2.494802e-001 3.118502e-002 1.000000e-030 1.000000e-030 1.559251e-001 1.000000e-030 1.000000e-030 1.000000e-030 1.000000e-030 1.000000e-030 1.000000e-030 1.000000e-030 1.000000e-030 1.000000e-030 1.000000e-030 1.000000e-030 1.000000e-030 1.000000e-030 1.000000e-030 1.000000e-030 1.000000e-030 1.000000e-030 1.000000e-030 1.000000e-030 1.000000e-030 1.000000e-030 3.118502e-002 1.000000e-030 1.000000e-030 
                             **************************************************************
Sample 19.......... 
P star:1.560946e-031 
 1   1   1   1   1   1   1   1   1   1   1   2   3   3   3   3   3   3   3   3   3   3   3   3   3   3   3   3   3   4   5   5   5   5   5   5   5   5   5   5   5   5   5   5   5   5   5   5   5   5   5   5   5   5   5   5   5   5   5   5  
Converged A matrix ......... 
0.887872 0.112128 0.000000 0.000000 0.000000 
0.000000 0.886932 0.113068 0.000000 0.000000 
0.000000 0.000000 0.891079 0.108921 0.000000 
0.000000 0.000000 0.000000 0.528268 0.471732 
0.000000 0.000000 0.000000 0.000000 1.000000 
Converged B matrix ......... 
1.000000e-030 3.850404e-001 6.149596e-001 1.000000e-030 2.650162e-122 1.000000e-030 1.000000e-030 1.690439e-282 1.000000e-030 1.000000e-030 1.000000e-030 1.000000e-030 1.000000e-030 1.000000e-030 1.000000e-030 1.000000e-030 1.000000e-030 1.000000e-030 1.000000e-030 1.000000e-030 1.000000e-030 1.000000e-030 1.000000e-030 1.000000e-030 1.000000e-030 1.000000e-030 1.000000e-030 1.000000e-030 1.000000e-030 8.385557e-137 1.000000e-030 1.000000e-030 
1.000000e-030 2.639198e-001 7.360802e-001 1.000000e-030 4.384436e-120 1.000000e-030 1.000000e-030 5.774096e-281 1.000000e-030 1.000000e-030 1.000000e-030 1.000000e-030 1.000000e-030 1.000000e-030 1.000000e-030 1.000000e-030 1.000000e-030 1.000000e-030 1.000000e-030 1.000000e-030 1.000000e-030 1.000000e-030 1.000000e-030 1.000000e-030 1.000000e-030 1.000000e-030 1.000000e-030 1.000000e-030 1.000000e-030 2.213830e-120 1.000000e-030 1.000000e-030 
1.000000e-030 2.416734e-001 7.583266e-001 1.000000e-030 1.000000e-030 1.000000e-030 1.000000e-030 2.031679e-134 1.000000e-030 1.000000e-030 1.000000e-030 1.000000e-030 1.000000e-030 1.000000e-030 1.000000e-030 1.000000e-030 1.000000e-030 1.000000e-030 1.000000e-030 1.000000e-030 1.000000e-030 1.000000e-030 1.000000e-030 1.000000e-030 1.000000e-030 1.000000e-030 1.000000e-030 1.000000e-030 1.000000e-030 6.366164e-120 1.000000e-030 1.000000e-030 
1.000000e-030 5.164674e-023 1.000000e+000 1.000000e-030 6.245998e-016 1.000000e-030 1.000000e-030 1.840390e-119 1.000000e-030 1.000000e-030 1.000000e-030 1.000000e-030 1.000000e-030 1.000000e-030 1.000000e-030 1.000000e-030 1.000000e-030 1.000000e-030 1.000000e-030 1.000000e-030 1.000000e-030 1.000000e-030 1.000000e-030 1.000000e-030 1.000000e-030 1.000000e-030 1.000000e-030 1.000000e-030 1.000000e-030 9.349343e-262 1.000000e-030 1.000000e-030 
1.000000e-030 6.507209e-002 4.500653e-001 6.464835e-002 1.939450e-001 1.000000e-030 1.000000e-030 3.232417e-002 1.000000e-030 1.000000e-030 1.000000e-030 1.000000e-030 1.000000e-030 1.000000e-030 1.000000e-030 1.000000e-030 1.000000e-030 1.000000e-030 1.000000e-030 1.000000e-030 1.000000e-030 1.000000e-030 1.000000e-030 1.000000e-030 1.000000e-030 1.000000e-030 1.000000e-030 1.000000e-030 1.000000e-030 1.939450e-001 1.000000e-030 1.000000e-030 
                             **************************************************************
Sample 20.......... 
P star:3.255211e-017 
 1   2   2   2   2   2   2   2   2   2   2   2   2   2   2   2   2   2   2   2   3   3   3   3   3   3   3   3   3   3   3   3   3   3   3   3   3   3   3   3   3   3   3   3   3   4   4   4   4   5   5   5   5   5   5   5   5   5   5   5  
Converged A matrix ......... 
0.000000 1.000000 0.000000 0.000000 0.000000 
0.000000 0.920460 0.079540 0.000000 0.000000 
0.000000 0.000000 0.964207 0.035793 0.000000 
0.000000 0.000000 0.000000 0.866473 0.133527 
0.000000 0.000000 0.000000 0.000000 1.000000 
Converged B matrix ......... 
1.000000e-030 1.000000e-030 1.000000e+000 1.000000e-030 1.000000e-030 1.000000e-030 1.000000e-030 1.000000e-030 1.000000e-030 1.000000e-030 1.000000e-030 1.000000e-030 1.000000e-030 1.000000e-030 1.000000e-030 1.000000e-030 1.000000e-030 1.000000e-030 1.000000e-030 1.000000e-030 1.000000e-030 1.000000e-030 1.000000e-030 1.000000e-030 1.000000e-030 1.000000e-030 1.000000e-030 1.000000e-030 1.000000e-030 1.000000e-030 1.000000e-030 1.000000e-030 
1.000000e-030 1.000000e+000 1.000000e-030 3.957635e-088 1.000000e-030 1.000000e-030 1.000000e-030 1.000000e-030 1.000000e-030 1.000000e-030 1.000000e-030 1.000000e-030 1.000000e-030 1.000000e-030 1.000000e-030 1.000000e-030 1.000000e-030 1.000000e-030 1.000000e-030 1.000000e-030 1.000000e-030 1.000000e-030 1.000000e-030 1.000000e-030 1.000000e-030 1.000000e-030 1.000000e-030 1.000000e-030 1.000000e-030 1.000000e-030 1.000000e-030 1.000000e-030 
1.000000e-030 8.725482e-001 4.817555e-052 1.274518e-001 1.000000e-030 1.000000e-030 1.000000e-030 1.751221e-200 1.000000e-030 1.000000e-030 1.000000e-030 1.000000e-030 1.000000e-030 1.000000e-030 1.000000e-030 1.000000e-030 1.000000e-030 1.000000e-030 1.000000e-030 1.000000e-030 1.000000e-030 1.000000e-030 1.000000e-030 1.000000e-030 1.000000e-030 1.000000e-030 1.000000e-030 1.000000e-030 1.000000e-030 1.077886e-146 1.000000e-030 1.000000e-030 
1.000000e-030 6.743027e-001 1.335270e-001 1.921703e-001 1.000000e-030 1.000000e-030 1.000000e-030 1.847870e-170 1.000000e-030 1.000000e-030 1.000000e-030 1.000000e-030 1.000000e-030 1.000000e-030 1.000000e-030 1.000000e-030 1.000000e-030 1.000000e-030 1.000000e-030 1.000000e-030 1.000000e-030 1.000000e-030 1.000000e-030 1.000000e-030 1.000000e-030 1.000000e-030 1.000000e-030 1.000000e-030 1.000000e-030 4.153891e-066 1.000000e-030 1.000000e-030 
1.000000e-030 3.369843e-135 4.083426e-272 1.795813e-027 2.727273e-001 1.000000e-030 1.000000e-030 2.727273e-001 1.000000e-030 1.000000e-030 1.000000e-030 1.000000e-030 1.000000e-030 1.000000e-030 1.000000e-030 1.000000e-030 1.000000e-030 1.000000e-030 1.000000e-030 1.000000e-030 1.000000e-030 1.000000e-030 1.000000e-030 1.000000e-030 1.000000e-030 1.000000e-030 1.000000e-030 1.000000e-030 1.000000e-030 4.545455e-001 1.000000e-030 1.000000e-030 
                             **************************************************************
