Sample 1.......... 
P star:1.906563e-034 
 1   1   2   2   2   2   2   2   2   2   2   2   2   2   2   2   2   2   2   2   2   2   2   2   2   2   2   2   2   3   4   4   4   4   4   4   4   4   4   5   5   5   5   5   5   5   5   5   5   5   5   5   5   5   5   5   5   5   5   5  
Converged A matrix ......... 
0.757814 0.242186 0.000000 0.000000 0.000000 
0.000000 0.955627 0.044373 0.000000 0.000000 
0.000000 0.000000 0.700121 0.299879 0.000000 
0.000000 0.000000 0.000000 0.888889 0.111111 
0.000000 0.000000 0.000000 0.000000 1.000000 
Converged B matrix ......... 
1.000000e-030 6.261634e-081 7.725070e-001 2.274930e-001 1.000000e-030 1.000000e-030 1.000000e-030 1.000000e-030 1.000000e-030 1.000000e-030 1.000000e-030 1.000000e-030 1.000000e-030 1.000000e-030 1.000000e-030 1.000000e-030 1.000000e-030 1.000000e-030 1.000000e-030 1.000000e-030 1.000000e-030 1.000000e-030 1.000000e-030 1.000000e-030 1.000000e-030 1.000000e-030 1.000000e-030 1.000000e-030 1.000000e-030 1.000000e-030 1.000000e-030 1.000000e-030 
1.000000e-030 1.774918e-001 7.754433e-001 4.706490e-002 1.000000e-030 1.000000e-030 1.000000e-030 1.000000e-030 1.000000e-030 1.000000e-030 1.000000e-030 1.000000e-030 1.000000e-030 1.000000e-030 1.000000e-030 1.000000e-030 1.000000e-030 1.000000e-030 1.000000e-030 1.000000e-030 1.000000e-030 1.000000e-030 1.000000e-030 1.000000e-030 1.000000e-030 3.098479e-216 1.000000e-030 1.000000e-030 1.000000e-030 1.000000e-030 1.000000e-030 1.000000e-030 
1.000000e-030 4.477409e-011 1.000000e+000 6.302818e-255 1.000000e-030 1.000000e-030 1.000000e-030 1.000000e-030 1.000000e-030 1.000000e-030 1.000000e-030 1.000000e-030 1.000000e-030 1.000000e-030 1.000000e-030 1.000000e-030 1.000000e-030 1.000000e-030 1.000000e-030 1.000000e-030 1.000000e-030 1.000000e-030 1.000000e-030 1.000000e-030 1.000000e-030 3.181796e-046 1.000000e-030 1.000000e-030 1.000000e-030 1.000000e-030 1.000000e-030 1.000000e-030 
1.000000e-030 1.000000e-030 1.466664e-088 1.000000e-030 1.000000e-030 1.000000e-030 1.000000e-030 1.000000e-030 1.000000e-030 4.444444e-001 1.000000e-030 1.000000e-030 1.000000e-030 1.000000e-030 1.000000e-030 1.000000e-030 6.787164e-099 1.000000e-030 1.000000e-030 2.579673e-225 1.000000e-030 1.000000e-030 1.000000e-030 1.000000e-030 1.000000e-030 5.555556e-001 1.000000e-030 1.000000e-030 1.000000e-030 1.000000e-030 1.000000e-030 1.000000e-030 
1.000000e-030 1.000000e-030 2.857143e-001 1.428571e-001 4.761905e-002 1.000000e-030 1.000000e-030 1.000000e-030 4.761905e-002 7.838742e-084 1.000000e-030 1.000000e-030 1.000000e-030 4.761905e-002 1.000000e-030 1.000000e-030 9.523810e-002 1.000000e-030 1.000000e-030 1.428571e-001 4.761905e-002 9.523810e-002 1.000000e-030 4.761905e-002 1.000000e-030 4.301329e-277 1.000000e-030 1.000000e-030 1.000000e-030 1.000000e-030 1.000000e-030 1.000000e-030 
                             **************************************************************
Sample 2.......... 
P star:2.598934e-030 
 1   2   2   2   2   2   2   2   2   2   2   2   2   2   2   2   3   3   3   3   3   3   3   3   3   3   4   4   4   4   4   4   4   4   5   5   5   5   5   5   5   5   5   5   5   5   5   5   5   5   5   5   5   5   5   5   5   5   5   5  
Converged A matrix ......... 
0.000000 1.000000 0.000000 0.000000 0.000000 
0.000000 0.898419 0.101581 0.000000 0.000000 
0.000000 0.000000 0.934018 0.065982 0.000000 
0.000000 0.000000 0.000000 0.875000 0.125000 
0.000000 0.000000 0.000000 0.000000 1.000000 
Converged B matrix ......... 
1.000000e-030 1.000000e+000 1.000000e-030 1.000000e-030 1.000000e-030 1.000000e-030 1.000000e-030 1.000000e-030 1.000000e-030 1.000000e-030 1.000000e-030 1.000000e-030 1.000000e-030 1.000000e-030 1.000000e-030 1.000000e-030 1.000000e-030 1.000000e-030 1.000000e-030 1.000000e-030 1.000000e-030 1.000000e-030 1.000000e-030 1.000000e-030 1.000000e-030 1.000000e-030 1.000000e-030 1.000000e-030 1.000000e-030 1.000000e-030 1.000000e-030 1.000000e-030 
1.000000e-030 1.272065e-051 1.000000e+000 1.000000e-030 1.000000e-030 1.000000e-030 1.000000e-030 1.000000e-030 1.000000e-030 1.000000e-030 1.000000e-030 1.000000e-030 1.000000e-030 1.000000e-030 1.000000e-030 1.000000e-030 1.000000e-030 1.000000e-030 1.000000e-030 1.000000e-030 1.000000e-030 1.000000e-030 1.000000e-030 1.000000e-030 1.000000e-030 1.000000e-030 1.000000e-030 1.000000e-030 1.000000e-030 1.000000e-030 1.000000e-030 1.000000e-030 
1.000000e-030 1.319640e-001 8.680360e-001 1.000000e-030 1.000000e-030 1.000000e-030 1.000000e-030 1.000000e-030 1.000000e-030 4.219228e-200 1.000000e-030 1.000000e-030 1.000000e-030 1.000000e-030 1.000000e-030 1.000000e-030 1.000000e-030 1.000000e-030 1.000000e-030 1.000000e-030 1.000000e-030 1.000000e-030 1.000000e-030 1.000000e-030 1.000000e-030 5.742615e-058 1.000000e-030 1.000000e-030 1.000000e-030 1.000000e-030 1.000000e-030 1.000000e-030 
1.000000e-030 1.000000e-030 1.849637e-084 1.000000e-030 1.000000e-030 1.000000e-030 1.000000e-030 1.000000e-030 1.000000e-030 6.250000e-001 1.000000e-030 5.000139e-025 1.000000e-030 1.000000e-030 1.000000e-030 1.000000e-030 1.000000e-030 1.000000e-030 1.000000e-030 1.000000e-030 1.000000e-030 1.000000e-030 1.000000e-030 1.000000e-030 1.000000e-030 2.500000e-001 1.000000e-030 1.250000e-001 1.000000e-030 1.000000e-030 1.000000e-030 1.000000e-030 
1.000000e-030 1.000000e-030 4.230769e-001 3.846154e-002 1.000000e-030 1.000000e-030 1.000000e-030 1.000000e-030 1.000000e-030 3.846154e-002 1.000000e-030 1.153846e-001 1.000000e-030 1.000000e-030 1.000000e-030 7.692308e-002 3.846154e-002 1.000000e-030 1.000000e-030 1.923077e-001 1.000000e-030 1.000000e-030 1.000000e-030 3.846154e-002 3.846154e-002 6.936621e-275 1.000000e-030 1.121898e-039 1.000000e-030 1.000000e-030 1.000000e-030 1.000000e-030 
                             **************************************************************
Sample 3.......... 
P star:2.212858e-029 
 1   2   2   2   2   2   2   2   2   2   2   2   2   2   2   2   2   2   2   3   3   3   3   3   4   4   4   4   4   4   4   4   4   4   4   5   5   5   5   5   5   5   5   5   5   5   5   5   5   5   5   5   5   5   5   5   5   5   5   5  
Converged A matrix ......... 
0.725346 0.274654 0.000000 0.000000 0.000000 
0.000000 0.901727 0.098273 0.000000 0.000000 
0.000000 0.000000 0.901801 0.098199 0.000000 
0.000000 0.000000 0.000000 0.909091 0.090909 
0.000000 0.000000 0.000000 0.000000 1.000000 
Converged B matrix ......... 
1.000000e-030 1.000000e-030 1.000000e+000 1.159760e-015 1.000000e-030 1.000000e-030 1.000000e-030 1.000000e-030 1.000000e-030 1.000000e-030 1.000000e-030 1.000000e-030 1.000000e-030 1.000000e-030 1.000000e-030 1.000000e-030 1.000000e-030 1.000000e-030 1.000000e-030 1.000000e-030 1.000000e-030 1.000000e-030 1.000000e-030 1.000000e-030 1.000000e-030 1.000000e-030 1.000000e-030 1.000000e-030 1.000000e-030 1.000000e-030 1.000000e-030 1.000000e-030 
1.000000e-030 1.000000e-030 9.023744e-001 9.762563e-002 1.000000e-030 1.000000e-030 1.000000e-030 1.000000e-030 1.000000e-030 2.835734e-201 1.000000e-030 1.000000e-030 1.000000e-030 1.000000e-030 1.000000e-030 1.000000e-030 1.000000e-030 1.000000e-030 1.000000e-030 1.000000e-030 1.000000e-030 1.000000e-030 1.000000e-030 1.000000e-030 1.000000e-030 1.000000e-030 1.000000e-030 1.000000e-030 1.000000e-030 1.000000e-030 1.000000e-030 1.000000e-030 
1.000000e-030 1.000000e-030 9.011533e-001 9.884670e-002 1.000000e-030 1.000000e-030 1.000000e-030 1.000000e-030 1.000000e-030 2.945986e-085 1.000000e-030 1.000000e-030 1.000000e-030 1.000000e-030 1.000000e-030 1.000000e-030 1.000000e-030 1.000000e-030 1.000000e-030 1.000000e-030 1.000000e-030 1.000000e-030 1.000000e-030 1.000000e-030 1.000000e-030 1.000000e-030 1.000000e-030 1.000000e-030 1.000000e-030 1.000000e-030 1.000000e-030 1.000000e-030 
1.000000e-030 1.000000e-030 1.312689e-098 1.000000e-030 1.000000e-030 1.000000e-030 1.000000e-030 1.000000e-030 1.000000e-030 7.272727e-001 1.000000e-030 9.090909e-002 1.000000e-030 1.000000e-030 1.000000e-030 2.059571e-247 9.090909e-002 1.000000e-030 1.000000e-030 4.680843e-276 1.000000e-030 1.000000e-030 1.000000e-030 1.000000e-030 1.000000e-030 1.000000e-030 1.000000e-030 9.090909e-002 1.000000e-030 1.000000e-030 1.000000e-030 1.000000e-030 
1.000000e-030 8.000000e-002 5.600000e-001 4.000000e-002 4.000000e-002 1.000000e-030 1.000000e-030 1.000000e-030 1.000000e-030 1.000000e-030 1.000000e-030 6.187978e-280 1.000000e-030 1.000000e-030 1.000000e-030 8.000000e-002 1.250937e-020 1.000000e-030 1.000000e-030 4.000000e-002 1.000000e-030 1.000000e-030 1.000000e-030 8.000000e-002 1.000000e-030 1.000000e-030 1.000000e-030 7.487453e-309 1.000000e-030 8.000000e-002 1.000000e-030 1.000000e-030 
                             **************************************************************
Sample 4.......... 
P star:9.852940e-034 
 1   1   2   2   2   2   2   2   2   2   2   2   2   2   2   2   2   2   2   2   2   3   3   3   3   3   3   3   3   3   4   4   4   4   4   4   4   5   5   5   5   5   5   5   5   5   5   5   5   5   5   5   5   5   5   5   5   5   5   5  
Converged A matrix ......... 
0.630747 0.369253 0.000000 0.000000 0.000000 
0.000000 0.951098 0.048902 0.000000 0.000000 
0.000000 0.000000 0.853863 0.146137 0.000000 
0.000000 0.000000 0.000000 0.857143 0.142857 
0.000000 0.000000 0.000000 0.000000 1.000000 
Converged B matrix ......... 
1.000000e-030 6.307474e-001 4.763154e-046 3.692526e-001 1.000000e-030 1.000000e-030 1.000000e-030 1.000000e-030 1.000000e-030 1.000000e-030 1.000000e-030 1.000000e-030 1.000000e-030 1.000000e-030 1.000000e-030 1.000000e-030 1.000000e-030 1.000000e-030 1.000000e-030 1.000000e-030 1.000000e-030 1.000000e-030 1.000000e-030 1.000000e-030 1.000000e-030 1.000000e-030 1.000000e-030 1.000000e-030 1.000000e-030 1.000000e-030 1.000000e-030 1.000000e-030 
1.000000e-030 6.576837e-001 3.423163e-001 5.485594e-098 1.000000e-030 1.000000e-030 1.000000e-030 1.000000e-030 1.000000e-030 3.725075e-269 1.000000e-030 8.148694e-299 1.000000e-030 1.000000e-030 1.000000e-030 1.000000e-030 1.000000e-030 1.000000e-030 1.000000e-030 1.000000e-030 1.000000e-030 1.000000e-030 1.000000e-030 1.000000e-030 1.000000e-030 1.229230e-081 1.000000e-030 1.000000e-030 1.000000e-030 1.000000e-030 1.000000e-030 1.000000e-030 
1.000000e-030 1.000000e+000 8.592253e-081 1.000000e-030 1.000000e-030 1.000000e-030 1.000000e-030 1.000000e-030 1.000000e-030 2.308321e-285 1.000000e-030 2.226359e-269 1.000000e-030 1.000000e-030 1.000000e-030 1.000000e-030 4.621264e-298 1.000000e-030 1.000000e-030 1.000000e-030 1.000000e-030 1.000000e-030 1.000000e-030 1.000000e-030 1.000000e-030 5.561137e-050 1.000000e-030 1.000000e-030 1.000000e-030 1.000000e-030 1.000000e-030 1.000000e-030 
1.000000e-030 2.954651e-070 1.000000e-030 1.000000e-030 1.000000e-030 1.000000e-030 1.000000e-030 1.000000e-030 1.000000e-030 7.142857e-001 1.000000e-030 3.153211e-250 1.000000e-030 1.000000e-030 1.000000e-030 1.000000e-030 2.176394e-269 1.000000e-030 1.000000e-030 1.000000e-030 1.000000e-030 1.000000e-030 1.000000e-030 1.000000e-030 1.000000e-030 2.857143e-001 1.000000e-030 1.000000e-030 1.000000e-030 1.000000e-030 1.000000e-030 1.000000e-030 
1.000000e-030 1.739130e-001 2.173913e-001 1.000000e-030 8.695652e-002 1.000000e-030 1.000000e-030 1.000000e-030 1.000000e-030 2.378803e-083 1.000000e-030 1.304348e-001 1.000000e-030 1.000000e-030 8.695652e-002 1.000000e-030 8.695652e-002 1.000000e-030 1.000000e-030 1.304348e-001 1.000000e-030 1.000000e-030 1.000000e-030 8.695652e-002 1.000000e-030 1.000000e-030 1.000000e-030 1.000000e-030 1.000000e-030 1.000000e-030 1.000000e-030 1.000000e-030 
                             **************************************************************
Sample 5.......... 
P star:1.608989e-038 
 1   1   1   1   1   1   1   1   1   1   1   1   1   1   1   2   2   3   3   3   3   3   3   3   3   4   4   4   4   4   4   4   5   5   5   5   5   5   5   5   5   5   5   5   5   5   5   5   5   5   5   5   5   5   5   5   5   5   5   5  
Converged A matrix ......... 
0.901155 0.098845 0.000000 0.000000 0.000000 
0.000000 0.854717 0.145283 0.000000 0.000000 
0.000000 0.000000 0.875000 0.125000 0.000000 
0.000000 0.000000 0.000000 0.857143 0.142857 
0.000000 0.000000 0.000000 0.000000 1.000000 
Converged B matrix ......... 
1.000000e-030 2.104549e-001 6.096783e-001 1.798668e-001 1.000000e-030 1.000000e-030 1.000000e-030 1.000000e-030 1.000000e-030 2.356008e-288 1.000000e-030 1.000000e-030 1.000000e-030 1.000000e-030 1.000000e-030 1.000000e-030 1.000000e-030 1.000000e-030 1.000000e-030 1.000000e-030 1.000000e-030 1.000000e-030 1.000000e-030 1.000000e-030 1.000000e-030 3.100874e-288 1.000000e-030 1.000000e-030 1.000000e-030 1.000000e-030 1.000000e-030 1.000000e-030 
1.000000e-030 1.265200e-001 7.020013e-001 1.714787e-001 1.000000e-030 1.000000e-030 1.000000e-030 1.000000e-030 1.000000e-030 3.367737e-083 1.000000e-030 1.000000e-030 1.000000e-030 1.000000e-030 1.000000e-030 1.000000e-030 1.000000e-030 1.000000e-030 1.000000e-030 1.000000e-030 1.000000e-030 1.000000e-030 1.000000e-030 1.000000e-030 1.000000e-030 3.492610e-027 1.000000e-030 1.000000e-030 1.000000e-030 1.000000e-030 1.000000e-030 1.000000e-030 
1.000000e-030 1.000000e-030 1.531187e-074 3.473281e-321 1.000000e-030 1.000000e-030 1.000000e-030 1.000000e-030 1.000000e-030 7.500000e-001 1.000000e-030 1.744547e-030 1.000000e-030 1.000000e-030 4.755160e-146 1.000000e-030 1.000000e-030 1.000000e-030 1.000000e-030 1.000000e-030 1.000000e-030 1.000000e-030 1.000000e-030 1.000000e-030 1.000000e-030 2.500000e-001 1.000000e-030 1.000000e-030 1.000000e-030 1.000000e-030 1.000000e-030 1.000000e-030 
1.000000e-030 1.000000e-030 1.000000e-030 1.000000e-030 1.000000e-030 1.000000e-030 1.000000e-030 1.000000e-030 1.000000e-030 8.589455e-065 1.000000e-030 1.428571e-001 1.000000e-030 1.000000e-030 1.428571e-001 1.229702e-040 1.000000e-030 1.000000e-030 1.428571e-001 2.857143e-001 1.428571e-001 1.000000e-030 1.428571e-001 6.557731e-238 1.000000e-030 1.000000e-030 1.000000e-030 1.000000e-030 1.000000e-030 1.000000e-030 1.000000e-030 1.000000e-030 
1.000000e-030 2.500000e-001 4.642857e-001 7.142857e-002 3.571429e-002 1.000000e-030 1.000000e-030 1.000000e-030 1.000000e-030 1.000000e-030 1.000000e-030 7.142857e-002 1.000000e-030 1.000000e-030 3.571429e-002 3.571429e-002 1.000000e-030 1.000000e-030 3.883817e-225 1.295145e-283 5.124512e-031 1.000000e-030 3.171784e-254 3.571429e-002 1.000000e-030 1.000000e-030 1.000000e-030 1.000000e-030 1.000000e-030 1.000000e-030 1.000000e-030 1.000000e-030 
                             **************************************************************
Sample 6.......... 
P star:3.910248e-033 
 1   1   1   1   2   2   2   2   2   2   2   2   2   2   3   3   3   3   3   3   4   4   4   4   4   4   4   4   4   4   5   5   5   5   5   5   5   5   5   5   5   5   5   5   5   5   5   5   5   5   5   5   5   5   5   5   5   5   5   5  
Converged A matrix ......... 
0.813799 0.186201 0.000000 0.000000 0.000000 
0.000000 0.883568 0.116432 0.000000 0.000000 
0.000000 0.000000 0.834459 0.165541 0.000000 
0.000000 0.000000 0.000000 0.900000 0.100000 
0.000000 0.000000 0.000000 0.000000 1.000000 
Converged B matrix ......... 
1.000000e-030 3.724017e-001 6.275983e-001 4.899325e-218 1.000000e-030 1.000000e-030 1.000000e-030 1.000000e-030 1.000000e-030 1.000000e-030 1.000000e-030 1.000000e-030 1.000000e-030 1.000000e-030 1.000000e-030 1.000000e-030 1.000000e-030 1.000000e-030 1.000000e-030 1.000000e-030 1.000000e-030 1.000000e-030 1.000000e-030 1.000000e-030 1.000000e-030 1.000000e-030 1.000000e-030 1.000000e-030 1.000000e-030 1.000000e-030 1.000000e-030 1.000000e-030 
1.000000e-030 4.246943e-085 9.600442e-001 3.995582e-002 1.000000e-030 1.000000e-030 1.000000e-030 1.000000e-030 1.000000e-030 4.697852e-273 1.000000e-030 1.000000e-030 1.000000e-030 1.000000e-030 1.000000e-030 1.000000e-030 1.000000e-030 1.000000e-030 1.000000e-030 1.000000e-030 1.000000e-030 1.000000e-030 1.000000e-030 1.000000e-030 1.000000e-030 1.153019e-302 1.000000e-030 1.000000e-030 1.000000e-030 1.000000e-030 1.000000e-030 1.000000e-030 
1.000000e-030 1.162414e-062 7.257256e-001 2.742744e-001 1.000000e-030 1.000000e-030 1.000000e-030 1.000000e-030 1.000000e-030 8.354595e-031 1.000000e-030 1.000000e-030 1.000000e-030 1.000000e-030 1.000000e-030 1.000000e-030 1.000000e-030 1.000000e-030 1.000000e-030 1.000000e-030 1.000000e-030 1.000000e-030 1.000000e-030 1.000000e-030 1.000000e-030 7.196297e-090 1.000000e-030 1.000000e-030 1.000000e-030 1.000000e-030 1.000000e-030 1.000000e-030 
1.000000e-030 1.000000e-030 3.912077e-076 2.917822e-046 1.000000e-030 1.000000e-030 1.000000e-030 1.000000e-030 1.000000e-030 3.000000e-001 1.000000e-030 2.000000e-001 1.000000e-030 1.000000e-030 1.000000e-001 1.000000e-030 1.000000e-030 1.000000e-030 1.000000e-030 3.000006e-010 1.000000e-030 1.000000e-030 1.000000e-030 1.250023e-106 1.000000e-030 4.000000e-001 1.000000e-030 1.000000e-030 1.000000e-030 1.000000e-030 1.000000e-030 1.000000e-030 
1.000000e-030 1.000000e-001 5.666667e-001 6.666667e-002 1.000000e-030 1.000000e-030 1.000000e-030 1.000000e-030 1.000000e-030 2.908971e-234 1.000000e-030 3.333333e-002 1.000000e-030 1.000000e-030 1.572684e-034 1.000000e-030 1.000000e-030 1.000000e-030 1.000000e-030 1.000000e-001 1.000000e-030 1.000000e-030 1.000000e-030 6.666667e-002 1.000000e-030 1.000000e-030 1.000000e-030 1.000000e-030 1.000000e-030 6.666667e-002 1.000000e-030 1.000000e-030 
                             **************************************************************
Sample 7.......... 
P star:2.010827e-032 
 1   1   1   1   1   1   1   1   1   1   1   1   2   2   2   2   2   3   3   3   3   3   3   3   3   3   3   3   3   4   4   4   4   4   4   4   4   5   5   5   5   5   5   5   5   5   5   5   5   5   5   5   5   5   5   5   5   5   5   5  
Converged A matrix ......... 
0.894417 0.105583 0.000000 0.000000 0.000000 
0.000000 0.874173 0.125827 0.000000 0.000000 
0.000000 0.000000 0.913654 0.086346 0.000000 
0.000000 0.000000 0.000000 0.875000 0.125000 
0.000000 0.000000 0.000000 0.000000 1.000000 
Converged B matrix ......... 
1.000000e-030 1.253364e-001 8.746636e-001 1.334600e-159 1.000000e-030 1.000000e-030 1.000000e-030 1.000000e-030 1.000000e-030 1.000000e-030 1.000000e-030 1.000000e-030 1.000000e-030 1.000000e-030 1.000000e-030 1.000000e-030 1.000000e-030 1.000000e-030 1.000000e-030 1.000000e-030 1.000000e-030 1.000000e-030 1.000000e-030 1.000000e-030 1.000000e-030 2.916470e-308 1.000000e-030 1.000000e-030 1.000000e-030 1.000000e-030 1.000000e-030 1.000000e-030 
1.000000e-030 2.206730e-001 7.793270e-001 3.956395e-017 1.000000e-030 1.000000e-030 1.000000e-030 1.000000e-030 1.000000e-030 1.158555e-308 1.000000e-030 1.000000e-030 1.000000e-030 1.000000e-030 1.000000e-030 1.000000e-030 1.000000e-030 1.000000e-030 1.000000e-030 1.000000e-030 1.000000e-030 1.000000e-030 1.000000e-030 1.000000e-030 1.000000e-030 9.254309e-202 1.000000e-030 1.000000e-030 1.000000e-030 1.000000e-030 1.000000e-030 1.000000e-030 
1.000000e-030 2.641432e-001 6.495107e-001 8.634615e-002 1.000000e-030 1.000000e-030 1.000000e-030 1.000000e-030 1.000000e-030 1.434544e-239 1.000000e-030 1.000000e-030 1.000000e-030 1.000000e-030 1.000000e-030 1.000000e-030 1.000000e-030 1.000000e-030 1.000000e-030 1.000000e-030 1.000000e-030 1.000000e-030 1.000000e-030 1.000000e-030 1.000000e-030 4.000387e-071 1.000000e-030 1.000000e-030 1.000000e-030 1.000000e-030 1.000000e-030 1.000000e-030 
1.000000e-030 1.000000e-030 2.922644e-065 1.000000e-030 1.000000e-030 1.000000e-030 1.000000e-030 1.000000e-030 1.000000e-030 6.250000e-001 1.000000e-030 2.155191e-157 1.000000e-030 4.337322e-186 1.000000e-030 1.000000e-030 1.000000e-030 1.000000e-030 1.000000e-030 1.000000e-030 1.000000e-030 9.820347e-274 1.000000e-030 1.454810e-215 1.000000e-030 3.750000e-001 1.000000e-030 3.212707e-128 1.000000e-030 1.000000e-030 1.000000e-030 1.000000e-030 
1.000000e-030 1.000000e-030 3.913043e-001 4.347826e-002 4.347826e-002 1.000000e-030 1.000000e-030 1.000000e-030 1.000000e-030 9.466022e-085 1.000000e-030 1.304348e-001 1.000000e-030 4.347826e-002 1.000000e-030 1.000000e-030 1.000000e-030 1.000000e-030 1.000000e-030 1.000000e-030 1.000000e-030 4.347826e-002 1.000000e-030 2.608696e-001 1.000000e-030 1.000000e-030 1.000000e-030 4.347826e-002 1.000000e-030 1.000000e-030 1.000000e-030 1.000000e-030 
                             **************************************************************
Sample 8.......... 
P star:9.097171e-035 
 1   1   1   1   1   1   1   1   1   1   1   1   2   2   2   3   3   3   3   3   3   3   4   4   4   4   4   4   4   5   5   5   5   5   5   5   5   5   5   5   5   5   5   5   5   5   5   5   5   5   5   5   5   5   5   5   5   5   5   5  
Converged A matrix ......... 
0.916667 0.083333 0.000000 0.000000 0.000000 
0.000000 0.666667 0.333333 0.000000 0.000000 
0.000000 0.000000 0.857143 0.142857 0.000000 
0.000000 0.000000 0.000000 0.857143 0.142857 
0.000000 0.000000 0.000000 0.000000 1.000000 
Converged B matrix ......... 
1.000000e-030 9.166667e-001 1.161925e-095 8.333333e-002 1.000000e-030 1.000000e-030 1.000000e-030 1.000000e-030 1.000000e-030 1.000000e-030 1.000000e-030 1.000000e-030 1.000000e-030 1.000000e-030 1.000000e-030 1.000000e-030 1.000000e-030 1.000000e-030 1.000000e-030 1.000000e-030 1.000000e-030 1.000000e-030 1.000000e-030 1.000000e-030 1.000000e-030 1.000000e-030 1.000000e-030 1.000000e-030 1.000000e-030 1.000000e-030 1.000000e-030 1.000000e-030 
1.000000e-030 5.019785e-027 1.000000e+000 4.278069e-213 1.000000e-030 1.000000e-030 1.000000e-030 1.000000e-030 1.000000e-030 1.000000e-030 1.000000e-030 1.000000e-030 1.000000e-030 1.000000e-030 1.000000e-030 1.000000e-030 1.000000e-030 1.000000e-030 1.000000e-030 1.000000e-030 1.000000e-030 1.000000e-030 1.000000e-030 1.000000e-030 1.000000e-030 1.000000e-030 1.000000e-030 1.000000e-030 1.000000e-030 1.000000e-030 1.000000e-030 1.000000e-030 
1.000000e-030 1.000000e+000 1.853006e-072 1.000000e-030 1.000000e-030 1.000000e-030 1.000000e-030 1.000000e-030 1.000000e-030 1.929613e-149 1.000000e-030 1.000000e-030 1.000000e-030 1.000000e-030 1.000000e-030 1.000000e-030 1.000000e-030 1.000000e-030 1.000000e-030 1.000000e-030 1.000000e-030 1.000000e-030 1.000000e-030 1.000000e-030 1.000000e-030 4.734123e-031 1.000000e-030 1.000000e-030 1.000000e-030 1.000000e-030 1.000000e-030 1.000000e-030 
1.000000e-030 1.014700e-083 1.000000e-030 1.000000e-030 1.000000e-030 1.000000e-030 1.000000e-030 1.000000e-030 1.000000e-030 7.142857e-001 1.000000e-030 5.104736e-022 1.000000e-030 1.000000e-030 1.000000e-030 1.000000e-030 1.000000e-030 1.000000e-030 1.000000e-030 1.000000e-030 1.000000e-030 1.000000e-030 1.000000e-030 1.000000e-030 1.000000e-030 2.857143e-001 1.000000e-030 4.469764e-128 1.000000e-030 1.000000e-030 1.000000e-030 1.000000e-030 
1.000000e-030 2.580645e-001 2.580645e-001 6.451613e-002 3.225806e-002 1.000000e-030 1.000000e-030 1.000000e-030 1.000000e-030 8.392084e-127 1.000000e-030 1.935484e-001 1.000000e-030 1.000000e-030 3.225806e-002 1.000000e-030 3.225806e-002 1.000000e-030 1.000000e-030 6.451613e-002 1.000000e-030 1.000000e-030 1.000000e-030 1.000000e-030 3.225806e-002 1.000000e-030 1.000000e-030 3.225806e-002 1.000000e-030 1.000000e-030 1.000000e-030 1.000000e-030 
                             **************************************************************
Sample 9.......... 
P star:4.153761e-028 
 1   1   2   2   2   2   2   2   2   2   2   3   3   3   3   3   3   3   3   3   3   3   3   3   3   4   4   4   4   4   4   4   5   5   5   5   5   5   5   5   5   5   5   5   5   5   5   5   5   5   5   5   5   5   5   5   5   5   5   5  
Converged A matrix ......... 
0.782544 0.217456 0.000000 0.000000 0.000000 
0.000000 0.883478 0.116522 0.000000 0.000000 
0.000000 0.000000 0.915393 0.084607 0.000000 
0.000000 0.000000 0.000000 0.856208 0.143792 
0.000000 0.000000 0.000000 0.000000 1.000000 
Converged B matrix ......... 
1.000000e-030 1.000000e-030 7.825436e-001 2.174564e-001 1.000000e-030 1.000000e-030 1.000000e-030 1.000000e-030 1.000000e-030 1.000000e-030 1.000000e-030 1.000000e-030 1.000000e-030 1.000000e-030 1.000000e-030 1.000000e-030 1.000000e-030 1.000000e-030 1.000000e-030 1.000000e-030 1.000000e-030 1.000000e-030 1.000000e-030 1.000000e-030 1.000000e-030 9.221984e-051 1.000000e-030 1.000000e-030 1.000000e-030 1.000000e-030 1.000000e-030 1.000000e-030 
1.000000e-030 5.977590e-044 7.669565e-001 1.209019e-094 1.000000e-030 1.000000e-030 1.000000e-030 1.000000e-030 1.000000e-030 1.165217e-001 1.000000e-030 1.000000e-030 1.000000e-030 1.000000e-030 1.000000e-030 1.000000e-030 1.000000e-030 1.000000e-030 1.000000e-030 1.000000e-030 1.000000e-030 1.000000e-030 1.000000e-030 1.000000e-030 1.000000e-030 1.165217e-001 1.000000e-030 1.000000e-030 1.000000e-030 1.000000e-030 1.000000e-030 1.000000e-030 
1.000000e-030 8.460748e-002 9.153925e-001 1.000000e-030 1.000000e-030 1.000000e-030 1.000000e-030 1.000000e-030 1.000000e-030 5.098125e-039 1.000000e-030 1.000000e-030 1.000000e-030 1.000000e-030 1.000000e-030 1.000000e-030 1.000000e-030 1.000000e-030 1.000000e-030 1.000000e-030 1.000000e-030 1.000000e-030 1.000000e-030 1.000000e-030 1.000000e-030 5.518737e-102 1.000000e-030 1.000000e-030 1.000000e-030 1.000000e-030 1.000000e-030 1.000000e-030 
1.000000e-030 1.228615e-125 5.208183e-045 1.000000e-030 1.000000e-030 1.000000e-030 1.000000e-030 1.000000e-030 1.000000e-030 1.000000e-030 1.000000e-030 1.248855e-285 1.000000e-030 1.000000e-030 1.000000e-030 1.000000e-030 1.000000e-030 1.000000e-030 1.000000e-030 1.000000e-030 1.000000e-030 1.000000e-030 1.000000e-030 1.000000e-030 1.000000e-030 1.000000e+000 1.000000e-030 1.000000e-030 1.000000e-030 1.000000e-030 1.000000e-030 1.000000e-030 
1.000000e-030 1.000000e-030 5.705011e-001 1.000000e-030 1.000000e-030 1.000000e-030 1.000000e-030 1.000000e-030 1.000000e-030 1.000000e-030 1.000000e-030 1.069689e-001 1.000000e-030 1.000000e-030 1.000000e-030 3.565632e-002 3.565632e-002 1.000000e-030 1.000000e-030 1.426253e-001 1.000000e-030 1.000000e-030 1.000000e-030 1.000000e-030 3.565632e-002 3.727947e-002 1.000000e-030 1.000000e-030 1.000000e-030 3.565632e-002 1.000000e-030 1.000000e-030 
                             **************************************************************
Sample 10.......... 
P star:3.969898e-036 
 1   1   1   1   1   1   2   2   2   2   3   3   3   3   3   3   3   3   3   3   3   3   3   4   4   4   4   4   4   4   4   4   5   5   5   5   5   5   5   5   5   5   5   5   5   5   5   5   5   5   5   5   5   5   5   5   5   5   5   5  
Converged A matrix ......... 
0.806018 0.193982 0.000000 0.000000 0.000000 
0.000000 0.899434 0.100566 0.000000 0.000000 
0.000000 0.000000 0.873436 0.126564 0.000000 
0.000000 0.000000 0.000000 0.888889 0.111111 
0.000000 0.000000 0.000000 0.000000 1.000000 
Converged B matrix ......... 
1.000000e-030 9.456909e-002 9.051306e-001 3.003407e-004 1.000000e-030 1.000000e-030 1.000000e-030 1.000000e-030 1.000000e-030 1.558908e-154 1.000000e-030 1.000000e-030 1.000000e-030 1.000000e-030 1.000000e-030 1.000000e-030 1.000000e-030 1.000000e-030 1.000000e-030 1.000000e-030 1.000000e-030 1.000000e-030 1.000000e-030 1.000000e-030 1.000000e-030 2.106313e-095 1.000000e-030 1.000000e-030 1.000000e-030 1.000000e-030 1.000000e-030 1.000000e-030 
1.000000e-030 6.463100e-002 8.349587e-001 1.004103e-001 1.000000e-030 1.000000e-030 1.000000e-030 1.000000e-030 1.000000e-030 1.210546e-121 1.000000e-030 1.000000e-030 1.000000e-030 1.000000e-030 1.000000e-030 1.000000e-030 1.000000e-030 1.000000e-030 1.000000e-030 1.000000e-030 1.000000e-030 1.000000e-030 1.000000e-030 1.000000e-030 1.000000e-030 7.990541e-092 1.000000e-030 2.668143e-317 1.000000e-030 1.000000e-030 1.000000e-030 1.000000e-030 
1.000000e-030 1.100866e-001 8.899134e-001 1.161456e-026 1.000000e-030 1.000000e-030 1.000000e-030 1.000000e-030 1.000000e-030 5.017609e-092 1.000000e-030 6.618374e-317 1.000000e-030 1.000000e-030 1.000000e-030 1.000000e-030 1.000000e-030 1.000000e-030 1.000000e-030 1.000000e-030 1.000000e-030 1.000000e-030 1.000000e-030 1.000000e-030 1.000000e-030 3.150466e-063 1.000000e-030 5.332758e-288 1.000000e-030 1.000000e-030 1.000000e-030 1.000000e-030 
1.000000e-030 5.402847e-297 1.997988e-090 1.000000e-030 1.000000e-030 1.000000e-030 1.000000e-030 1.000000e-030 1.000000e-030 3.333333e-001 1.000000e-030 2.326650e-020 1.000000e-030 1.000000e-030 1.000000e-030 1.000000e-030 1.000000e-030 1.000000e-030 1.000000e-030 1.000000e-030 1.000000e-030 1.000000e-030 1.000000e-030 1.000000e-030 1.260480e-251 5.555556e-001 1.000000e-030 1.111111e-001 1.000000e-030 1.000000e-030 1.000000e-030 1.000000e-030 
1.000000e-030 1.428571e-001 3.214286e-001 7.142857e-002 1.785714e-001 1.000000e-030 1.000000e-030 1.000000e-030 1.000000e-030 3.571429e-002 1.000000e-030 1.428571e-001 1.000000e-030 1.000000e-030 7.142857e-002 1.000000e-030 1.000000e-030 1.000000e-030 1.000000e-030 1.000000e-030 1.000000e-030 1.000000e-030 1.000000e-030 1.000000e-030 3.571429e-002 6.355328e-284 1.000000e-030 2.452960e-044 1.000000e-030 1.000000e-030 1.000000e-030 1.000000e-030 
                             **************************************************************
Sample 11.......... 
P star:3.083875e-033 
 1   1   1   1   1   1   1   1   1   1   1   1   2   2   2   2   2   2   3   4   4   4   4   4   4   4   4   4   5   5   5   5   5   5   5   5   5   5   5   5   5   5   5   5   5   5   5   5   5   5   5   5   5   5   5   5   5   5   5   5  
Converged A matrix ......... 
0.854366 0.145634 0.000000 0.000000 0.000000 
0.000000 0.910181 0.089819 0.000000 0.000000 
0.000000 0.000000 0.000000 1.000000 0.000000 
0.000000 0.000000 0.000000 0.872227 0.127773 
0.000000 0.000000 0.000000 0.000000 1.000000 
Converged B matrix ......... 
1.000000e-030 1.649123e-012 1.000000e+000 1.000000e-030 1.000000e-030 1.000000e-030 1.000000e-030 1.000000e-030 1.000000e-030 1.000000e-030 1.000000e-030 1.000000e-030 1.000000e-030 1.000000e-030 1.000000e-030 1.000000e-030 1.000000e-030 1.000000e-030 1.000000e-030 1.000000e-030 1.000000e-030 1.000000e-030 1.000000e-030 1.000000e-030 1.000000e-030 1.000000e-030 1.000000e-030 1.000000e-030 1.000000e-030 1.000000e-030 1.000000e-030 1.000000e-030 
1.000000e-030 8.981931e-002 9.101807e-001 1.000000e-030 1.000000e-030 1.000000e-030 1.000000e-030 1.000000e-030 1.000000e-030 1.000000e-030 1.000000e-030 1.000000e-030 1.000000e-030 1.000000e-030 1.000000e-030 1.000000e-030 1.000000e-030 1.000000e-030 1.000000e-030 1.000000e-030 1.000000e-030 1.000000e-030 1.000000e-030 1.000000e-030 1.000000e-030 1.000000e-030 1.000000e-030 1.000000e-030 1.000000e-030 1.000000e-030 1.000000e-030 1.000000e-030 
1.000000e-030 1.000000e-030 8.510894e-081 1.000000e-030 1.000000e-030 1.000000e-030 1.000000e-030 1.000000e-030 1.000000e-030 1.000000e-030 1.000000e-030 1.000000e-030 1.000000e-030 1.000000e-030 1.000000e-030 1.000000e-030 1.000000e-030 1.000000e-030 1.000000e-030 1.000000e-030 1.000000e-030 1.000000e-030 1.000000e-030 1.000000e-030 1.000000e-030 1.000000e+000 1.000000e-030 1.000000e-030 1.000000e-030 1.000000e-030 1.000000e-030 1.000000e-030 
1.000000e-030 1.000000e-030 1.000000e-030 1.000000e-030 1.854978e-156 1.000000e-030 1.000000e-030 1.000000e-030 1.000000e-030 6.388656e-001 1.000000e-030 2.333613e-001 1.000000e-030 1.000000e-030 2.346796e-070 1.282172e-127 1.000000e-030 1.000000e-030 1.000000e-030 1.000000e-030 1.000000e-030 1.000000e-030 1.000000e-030 1.000000e-030 7.526883e-022 1.277731e-001 1.000000e-030 1.000000e-030 1.000000e-030 1.000000e-030 1.000000e-030 1.000000e-030 
1.000000e-030 1.808666e-001 4.220220e-001 3.014443e-002 6.028885e-002 1.000000e-030 1.000000e-030 1.000000e-030 1.000000e-030 7.910486e-202 1.000000e-030 1.559560e-001 1.000000e-030 1.000000e-030 6.028885e-002 3.014443e-002 1.000000e-030 1.000000e-030 1.000000e-030 1.000000e-030 1.000000e-030 1.000000e-030 1.000000e-030 1.000000e-030 6.028885e-002 1.000000e-030 1.000000e-030 1.000000e-030 1.000000e-030 1.000000e-030 1.000000e-030 1.000000e-030 
                             **************************************************************
Sample 12.......... 
P star:6.025216e-032 
 1   1   1   2   2   2   2   2   2   2   2   2   2   2   2   2   2   3   3   3   3   3   3   4   4   4   4   4   4   4   4   5   5   5   5   5   5   5   5   5   5   5   5   5   5   5   5   5   5   5   5   5   5   5   5   5   5   5   5   5  
Converged A matrix ......... 
0.732243 0.267757 0.000000 0.000000 0.000000 
0.000000 0.916466 0.083534 0.000000 0.000000 
0.000000 0.000000 0.867868 0.132132 0.000000 
0.000000 0.000000 0.000000 0.870564 0.129436 
0.000000 0.000000 0.000000 0.000000 1.000000 
Converged B matrix ......... 
1.000000e-030 2.677674e-001 4.616255e-001 2.706071e-001 1.000000e-030 1.000000e-030 1.000000e-030 1.000000e-030 1.000000e-030 1.325826e-311 1.000000e-030 1.000000e-030 1.000000e-030 1.000000e-030 1.000000e-030 1.000000e-030 1.000000e-030 1.000000e-030 1.000000e-030 1.000000e-030 1.000000e-030 1.000000e-030 1.000000e-030 1.000000e-030 1.000000e-030 1.000000e-030 1.000000e-030 1.000000e-030 1.000000e-030 1.000000e-030 1.000000e-030 1.000000e-030 
1.000000e-030 1.920206e-035 9.173557e-001 8.264429e-002 1.000000e-030 1.000000e-030 1.000000e-030 1.000000e-030 1.000000e-030 2.231713e-189 1.000000e-030 1.000000e-030 1.000000e-030 1.000000e-030 1.000000e-030 1.000000e-030 1.000000e-030 1.000000e-030 1.000000e-030 1.000000e-030 1.000000e-030 1.000000e-030 1.000000e-030 1.000000e-030 1.000000e-030 1.000000e-030 1.000000e-030 1.000000e-030 1.000000e-030 1.000000e-030 1.000000e-030 1.000000e-030 
1.000000e-030 2.642582e-001 5.660063e-001 6.676605e-142 1.000000e-030 1.000000e-030 1.000000e-030 1.000000e-030 1.000000e-030 1.697356e-001 1.000000e-030 1.000000e-030 1.000000e-030 1.000000e-030 1.000000e-030 1.000000e-030 1.000000e-030 1.000000e-030 1.000000e-030 1.000000e-030 1.000000e-030 1.000000e-030 1.000000e-030 1.000000e-030 1.000000e-030 1.000000e-030 1.000000e-030 3.729296e-217 1.000000e-030 1.000000e-030 1.000000e-030 1.000000e-030 
1.000000e-030 1.093526e-136 1.347949e-003 1.000000e-030 1.000000e-030 1.000000e-030 1.000000e-030 1.000000e-030 1.000000e-030 7.397799e-001 1.000000e-030 6.932698e-025 1.000000e-030 1.000000e-030 1.000000e-030 1.000000e-030 1.000000e-030 1.000000e-030 1.000000e-030 1.000000e-030 1.000000e-030 1.000000e-030 1.000000e-030 1.000000e-030 1.000000e-030 1.000000e-030 1.000000e-030 2.588722e-001 1.000000e-030 1.000000e-030 1.000000e-030 2.994196e-188 
1.000000e-030 3.448276e-002 5.172414e-001 1.000000e-030 1.034483e-001 1.000000e-030 1.000000e-030 1.000000e-030 1.000000e-030 2.656667e-183 1.000000e-030 1.724138e-001 1.000000e-030 1.000000e-030 1.000000e-030 1.000000e-030 1.000000e-030 1.000000e-030 1.000000e-030 1.000000e-030 1.000000e-030 1.000000e-030 1.000000e-030 3.448276e-002 1.000000e-030 1.000000e-030 1.000000e-030 7.683272e-078 1.000000e-030 6.896552e-002 1.000000e-030 6.896552e-002 
                             **************************************************************
Sample 13.......... 
P star:2.004119e-034 
 1   1   1   1   1   1   1   1   1   1   1   1   1   1   1   1   1   1   1   1   1   1   1   1   1   2   3   3   3   3   4   4   4   5   5   5   5   5   5   5   5   5   5   5   5   5   5   5   5   5   5   5   5   5   5   5   5   5   5   5  
Converged A matrix ......... 
0.916730 0.083270 0.000000 0.000000 0.000000 
0.000000 0.916730 0.083270 0.000000 0.000000 
0.000000 0.000000 0.848390 0.151610 0.000000 
0.000000 0.000000 0.000000 0.529343 0.470657 
0.000000 0.000000 0.000000 0.000000 1.000000 
Converged B matrix ......... 
1.000000e-030 1.000000e+000 3.205052e-147 1.000000e-030 1.000000e-030 1.000000e-030 1.000000e-030 1.000000e-030 1.000000e-030 1.000000e-030 1.000000e-030 1.000000e-030 1.000000e-030 1.000000e-030 1.000000e-030 1.000000e-030 1.000000e-030 1.000000e-030 1.000000e-030 1.000000e-030 1.000000e-030 1.000000e-030 1.000000e-030 1.000000e-030 1.000000e-030 1.000000e-030 1.000000e-030 1.000000e-030 1.000000e-030 1.000000e-030 1.000000e-030 1.000000e-030 
1.000000e-030 1.000000e+000 7.610044e-023 1.000000e-030 1.000000e-030 1.000000e-030 1.000000e-030 1.000000e-030 1.000000e-030 1.000000e-030 1.000000e-030 1.000000e-030 1.000000e-030 1.000000e-030 1.000000e-030 1.000000e-030 1.000000e-030 1.000000e-030 1.000000e-030 1.000000e-030 1.000000e-030 1.000000e-030 1.000000e-030 1.000000e-030 1.000000e-030 1.000000e-030 1.000000e-030 1.000000e-030 1.000000e-030 1.000000e-030 1.000000e-030 1.000000e-030 
1.000000e-030 7.551897e-001 2.448103e-001 1.000000e-030 1.000000e-030 1.000000e-030 1.000000e-030 1.000000e-030 1.000000e-030 1.000000e-030 1.000000e-030 1.000000e-030 1.000000e-030 1.000000e-030 1.000000e-030 1.000000e-030 1.000000e-030 1.000000e-030 1.000000e-030 1.000000e-030 1.000000e-030 1.000000e-030 1.000000e-030 1.000000e-030 1.000000e-030 8.061656e-208 1.000000e-030 1.000000e-030 1.000000e-030 1.000000e-030 1.000000e-030 1.000000e-030 
1.000000e-030 1.349786e-053 6.241107e-001 1.000000e-030 1.000000e-030 1.000000e-030 1.000000e-030 1.000000e-030 1.000000e-030 1.106872e-024 1.000000e-030 1.000000e-030 1.000000e-030 1.000000e-030 1.000000e-030 1.000000e-030 1.000000e-030 1.000000e-030 1.000000e-030 1.000000e-030 1.000000e-030 1.000000e-030 1.000000e-030 1.000000e-030 1.000000e-030 3.758893e-001 1.000000e-030 2.215296e-313 1.000000e-030 1.000000e-030 1.000000e-030 1.000000e-030 
1.000000e-030 1.100699e-001 2.222654e-001 3.668215e-002 7.336430e-002 1.000000e-030 1.000000e-030 1.000000e-030 1.000000e-030 1.100464e-001 1.000000e-030 1.467286e-001 1.000000e-030 1.000000e-030 1.000000e-030 3.668215e-002 3.668215e-002 1.000000e-030 1.000000e-030 1.000000e-030 1.000000e-030 1.000000e-030 1.000000e-030 1.000000e-030 3.668215e-002 4.406816e-002 1.000000e-030 7.336430e-002 1.000000e-030 1.000000e-030 1.000000e-030 7.336430e-002 
                             **************************************************************
Sample 14.......... 
P star:2.575060e-032 
 1   2   2   2   2   2   2   2   2   2   2   2   2   2   2   2   2   2   2   2   2   2   2   3   3   3   3   3   3   3   3   3   4   4   4   5   5   5   5   5   5   5   5   5   5   5   5   5   5   5   5   5   5   5   5   5   5   5   5   5  
Converged A matrix ......... 
0.000000 1.000000 0.000000 0.000000 0.000000 
0.000000 0.941738 0.058262 0.000000 0.000000 
0.000000 0.000000 0.927726 0.072274 0.000000 
0.000000 0.000000 0.000000 0.658896 0.341104 
0.000000 0.000000 0.000000 0.000000 1.000000 
Converged B matrix ......... 
1.000000e-030 1.000000e-030 1.000000e-030 1.000000e+000 1.000000e-030 1.000000e-030 1.000000e-030 1.000000e-030 1.000000e-030 1.000000e-030 1.000000e-030 1.000000e-030 1.000000e-030 1.000000e-030 1.000000e-030 1.000000e-030 1.000000e-030 1.000000e-030 1.000000e-030 1.000000e-030 1.000000e-030 1.000000e-030 1.000000e-030 1.000000e-030 1.000000e-030 1.000000e-030 1.000000e-030 1.000000e-030 1.000000e-030 1.000000e-030 1.000000e-030 1.000000e-030 
1.000000e-030 1.000000e-030 1.000000e+000 2.647556e-063 1.000000e-030 1.000000e-030 1.000000e-030 1.000000e-030 1.000000e-030 1.000000e-030 1.000000e-030 1.000000e-030 1.000000e-030 1.000000e-030 1.000000e-030 1.000000e-030 1.000000e-030 1.000000e-030 1.000000e-030 1.000000e-030 1.000000e-030 1.000000e-030 1.000000e-030 1.000000e-030 1.000000e-030 1.000000e-030 1.000000e-030 1.000000e-030 1.000000e-030 1.000000e-030 1.000000e-030 1.000000e-030 
1.000000e-030 1.000000e-030 8.554520e-001 1.445480e-001 1.000000e-030 1.000000e-030 1.000000e-030 1.000000e-030 1.000000e-030 1.000000e-030 1.000000e-030 1.000000e-030 1.000000e-030 1.000000e-030 1.000000e-030 1.000000e-030 1.000000e-030 1.000000e-030 1.000000e-030 1.000000e-030 1.000000e-030 1.000000e-030 1.000000e-030 1.000000e-030 1.000000e-030 1.367363e-187 1.000000e-030 1.000000e-030 1.000000e-030 1.000000e-030 1.000000e-030 1.000000e-030 
1.000000e-030 1.000000e-030 2.987227e-032 1.976263e-323 1.000000e-030 1.000000e-030 1.000000e-030 1.000000e-030 1.000000e-030 1.309345e-111 1.000000e-030 1.000000e-030 1.000000e-030 1.000000e-030 1.000000e-030 1.000000e-030 1.000000e-030 1.000000e-030 1.000000e-030 1.000000e-030 1.000000e-030 1.000000e-030 1.000000e-030 1.000000e-030 1.000000e-030 1.000000e+000 1.000000e-030 1.000000e-030 1.000000e-030 1.000000e-030 1.000000e-030 1.000000e-030 
1.000000e-030 1.000000e-030 2.792367e-001 7.978191e-002 3.989095e-002 3.989095e-002 1.000000e-030 1.000000e-030 1.000000e-030 3.989095e-002 1.000000e-030 7.978191e-002 3.989095e-002 1.000000e-030 3.989095e-002 1.000000e-030 1.000000e-030 1.000000e-030 1.000000e-030 1.000000e-030 1.000000e-030 1.000000e-030 1.000000e-030 1.000000e-030 7.978191e-002 4.261711e-002 1.000000e-030 7.978191e-002 1.000000e-030 7.978191e-002 1.000000e-030 7.978191e-002 
                             **************************************************************
Sample 15.......... 
P star:4.634502e-033 
 1   2   2   2   2   2   2   2   2   3   3   3   3   3   3   3   3   3   3   3   3   3   3   3   3   3   3   3   3   3   3   3   3   3   3   4   5   5   5   5   5   5   5   5   5   5   5   5   5   5   5   5   5   5   5   5   5   5   5   5  
Converged A matrix ......... 
0.885765 0.114235 0.000000 0.000000 0.000000 
0.000000 0.924644 0.075356 0.000000 0.000000 
0.000000 0.000000 0.922933 0.077067 0.000000 
0.000000 0.000000 0.000000 0.000000 1.000000 
0.000000 0.000000 0.000000 0.000000 1.000000 
Converged B matrix ......... 
1.000000e-030 6.627653e-001 3.372347e-001 7.707464e-209 1.000000e-030 1.000000e-030 1.000000e-030 1.000000e-030 1.000000e-030 2.184733e-209 1.000000e-030 1.000000e-030 1.000000e-030 1.000000e-030 1.000000e-030 1.000000e-030 1.000000e-030 1.000000e-030 1.000000e-030 1.000000e-030 1.000000e-030 1.000000e-030 1.000000e-030 1.000000e-030 1.000000e-030 5.202930e-209 1.000000e-030 9.446687e-298 1.000000e-030 1.000000e-030 1.000000e-030 1.000000e-030 
1.000000e-030 7.580809e-001 2.419191e-001 4.273048e-091 1.000000e-030 1.000000e-030 1.000000e-030 1.000000e-030 1.000000e-030 2.455460e-207 1.000000e-030 1.000000e-030 1.000000e-030 1.000000e-030 1.000000e-030 1.000000e-030 1.000000e-030 1.000000e-030 1.000000e-030 1.000000e-030 1.000000e-030 1.000000e-030 1.000000e-030 1.000000e-030 1.000000e-030 5.728397e-207 1.000000e-030 3.440281e-266 1.000000e-030 1.000000e-030 1.000000e-030 1.000000e-030 
1.000000e-030 7.813204e-001 2.186796e-001 9.108727e-211 1.000000e-030 1.000000e-030 1.000000e-030 1.000000e-030 1.000000e-030 1.650665e-207 1.000000e-030 1.020071e-294 1.000000e-030 1.000000e-030 1.000000e-030 1.000000e-030 1.000000e-030 1.000000e-030 1.000000e-030 1.000000e-030 1.000000e-030 1.000000e-030 1.000000e-030 1.000000e-030 1.000000e-030 4.370052e-091 1.000000e-030 5.572091e-236 1.000000e-030 1.000000e-030 1.000000e-030 1.000000e-030 
1.000000e-030 2.854402e-072 1.000000e-030 1.000000e+000 1.000000e-030 1.000000e-030 1.000000e-030 1.000000e-030 1.000000e-030 5.670478e-090 1.000000e-030 3.125740e-264 1.000000e-030 1.000000e-030 1.000000e-030 1.000000e-030 1.000000e-030 1.000000e-030 1.000000e-030 1.000000e-030 1.000000e-030 1.000000e-030 1.000000e-030 1.000000e-030 1.000000e-030 7.539774e-239 1.000000e-030 5.419468e-206 1.000000e-030 1.000000e-030 1.000000e-030 1.000000e-030 
1.000000e-030 1.643336e-307 2.500000e-001 8.333333e-002 4.166667e-002 1.000000e-030 1.000000e-030 1.000000e-030 1.000000e-030 4.166667e-002 1.000000e-030 2.500000e-001 8.333333e-002 1.000000e-030 1.000000e-030 1.000000e-030 1.000000e-030 1.000000e-030 1.000000e-030 1.000000e-030 1.000000e-030 1.000000e-030 1.000000e-030 1.000000e-030 1.000000e-030 1.666667e-001 1.000000e-030 8.333333e-002 1.000000e-030 1.000000e-030 1.000000e-030 1.000000e-030 
                             **************************************************************
Sample 16.......... 
P star:1.720540e-033 
 1   1   1   1   2   2   2   2   2   3   3   3   3   3   3   3   3   3   3   3   3   3   3   3   3   3   3   4   4   4   4   4   4   5   5   5   5   5   5   5   5   5   5   5   5   5   5   5   5   5   5   5   5   5   5   5   5   5   5   5  
Converged A matrix ......... 
0.845260 0.154740 0.000000 0.000000 0.000000 
0.000000 0.900378 0.099622 0.000000 0.000000 
0.000000 0.000000 0.904758 0.095242 0.000000 
0.000000 0.000000 0.000000 0.833333 0.166667 
0.000000 0.000000 0.000000 0.000000 1.000000 
Converged B matrix ......... 
1.000000e-030 1.204575e-001 7.248026e-001 1.547399e-001 1.000000e-030 1.000000e-030 1.000000e-030 1.000000e-030 1.000000e-030 1.000000e-030 1.000000e-030 1.000000e-030 1.000000e-030 1.000000e-030 1.000000e-030 1.000000e-030 1.000000e-030 1.000000e-030 1.000000e-030 1.000000e-030 1.000000e-030 1.000000e-030 1.000000e-030 1.000000e-030 1.000000e-030 1.000000e-030 1.000000e-030 1.000000e-030 1.000000e-030 1.000000e-030 1.000000e-030 1.000000e-030 
1.000000e-030 4.429660e-001 5.570340e-001 2.883271e-021 1.000000e-030 1.000000e-030 1.000000e-030 1.000000e-030 1.000000e-030 1.000000e-030 1.000000e-030 1.000000e-030 1.000000e-030 1.000000e-030 1.000000e-030 1.000000e-030 1.000000e-030 1.000000e-030 1.000000e-030 1.000000e-030 1.000000e-030 1.000000e-030 1.000000e-030 1.000000e-030 1.000000e-030 2.972705e-303 1.000000e-030 1.000000e-030 1.000000e-030 1.000000e-030 1.000000e-030 1.000000e-030 
1.000000e-030 4.547870e-001 5.452130e-001 3.111458e-162 1.000000e-030 1.000000e-030 1.000000e-030 1.000000e-030 1.000000e-030 1.000000e-030 1.000000e-030 1.000000e-030 1.000000e-030 1.000000e-030 1.000000e-030 1.000000e-030 1.000000e-030 1.000000e-030 1.000000e-030 1.000000e-030 1.000000e-030 1.000000e-030 1.000000e-030 1.000000e-030 1.000000e-030 2.928330e-091 1.000000e-030 1.000000e-030 1.000000e-030 1.000000e-030 1.000000e-030 1.000000e-030 
1.000000e-030 2.019196e-140 4.196206e-056 1.000000e-030 1.000000e-030 1.000000e-030 1.000000e-030 1.000000e-030 1.000000e-030 1.666667e-001 1.000000e-030 3.322348e-040 1.000000e-030 1.000000e-030 1.000000e-030 1.000000e-030 1.000000e-030 1.000000e-030 1.000000e-030 1.000000e-030 1.000000e-030 1.000000e-030 1.000000e-030 1.000000e-030 1.000000e-030 8.333333e-001 1.000000e-030 1.000000e-030 1.000000e-030 1.000000e-030 1.000000e-030 1.000000e-030 
1.000000e-030 1.111111e-001 3.333333e-001 7.407407e-002 3.703704e-002 1.000000e-030 1.000000e-030 1.000000e-030 1.000000e-030 4.039520e-056 1.000000e-030 2.962963e-001 1.481481e-001 1.000000e-030 1.000000e-030 1.000000e-030 1.000000e-030 1.000000e-030 1.000000e-030 1.000000e-030 1.000000e-030 1.000000e-030 1.000000e-030 1.000000e-030 1.000000e-030 1.037936e-194 1.000000e-030 1.000000e-030 1.000000e-030 1.000000e-030 1.000000e-030 1.000000e-030 
                             **************************************************************
Sample 17.......... 
P star:1.492201e-029 
 1   1   1   1   1   1   1   1   1   1   1   1   1   1   1   1   2   2   2   2   2   2   2   2   2   2   2   2   2   3   4   4   4   4   4   4   4   5   5   5   5   5   5   5   5   5   5   5   5   5   5   5   5   5   5   5   5   5   5   5  
Converged A matrix ......... 
0.891970 0.108030 0.000000 0.000000 0.000000 
0.000000 0.927684 0.072316 0.000000 0.000000 
0.000000 0.000000 0.855389 0.144611 0.000000 
0.000000 0.000000 0.000000 0.857143 0.142857 
0.000000 0.000000 0.000000 0.000000 1.000000 
Converged B matrix ......... 
1.000000e-030 1.000000e+000 1.000000e-030 3.147233e-013 1.000000e-030 1.000000e-030 1.000000e-030 1.000000e-030 1.000000e-030 6.786809e-307 1.000000e-030 1.000000e-030 1.000000e-030 1.000000e-030 1.000000e-030 1.000000e-030 1.000000e-030 1.000000e-030 1.000000e-030 1.000000e-030 1.000000e-030 1.000000e-030 1.000000e-030 1.000000e-030 1.000000e-030 4.658443e-277 1.000000e-030 1.000000e-030 1.000000e-030 1.000000e-030 1.000000e-030 1.000000e-030 
1.000000e-030 9.276850e-001 1.000000e-030 7.231505e-002 1.000000e-030 1.000000e-030 1.000000e-030 1.000000e-030 1.000000e-030 4.881624e-265 1.000000e-030 1.000000e-030 1.000000e-030 1.000000e-030 1.000000e-030 1.000000e-030 1.000000e-030 1.000000e-030 1.000000e-030 1.000000e-030 1.000000e-030 1.000000e-030 1.000000e-030 1.000000e-030 1.000000e-030 3.221732e-235 1.000000e-030 1.000000e-030 1.000000e-030 1.000000e-030 1.000000e-030 1.000000e-030 
1.000000e-030 9.999983e-001 1.000000e-030 1.596389e-006 1.000000e-030 1.000000e-030 1.000000e-030 1.000000e-030 1.000000e-030 9.410636e-211 1.000000e-030 1.000000e-030 1.000000e-030 1.000000e-030 1.000000e-030 1.000000e-030 1.000000e-030 1.000000e-030 1.000000e-030 1.000000e-030 1.000000e-030 1.000000e-030 1.000000e-030 1.000000e-030 1.000000e-030 1.284130e-007 1.000000e-030 1.000000e-030 1.000000e-030 1.000000e-030 1.000000e-030 1.000000e-030 
1.000000e-030 3.753661e-083 1.000000e-030 7.180533e-248 1.000000e-030 1.000000e-030 1.000000e-030 1.000000e-030 1.000000e-030 7.142858e-001 1.000000e-030 5.998613e-180 1.000000e-030 1.000000e-030 1.000000e-030 1.000000e-030 1.000000e-030 1.000000e-030 1.000000e-030 1.000000e-030 1.000000e-030 1.000000e-030 1.000000e-030 1.000000e-030 1.000000e-030 1.428570e-001 1.000000e-030 1.428572e-001 1.000000e-030 1.000000e-030 1.000000e-030 1.000000e-030 
1.000000e-030 2.608696e-001 2.173913e-001 4.347826e-002 4.347826e-002 1.000000e-030 1.000000e-030 1.000000e-030 1.000000e-030 3.560048e-064 1.000000e-030 1.739130e-001 1.000000e-030 1.000000e-030 4.347826e-002 8.695652e-002 4.347826e-002 1.000000e-030 1.000000e-030 8.695652e-002 1.000000e-030 1.000000e-030 1.000000e-030 1.000000e-030 1.000000e-030 2.185379e-248 1.000000e-030 2.179622e-034 1.000000e-030 1.000000e-030 1.000000e-030 1.000000e-030 
                             **************************************************************
Sample 18.......... 
P star:8.493721e-037 
 1   1   1   1   1   1   1   1   1   2   2   2   2   2   2   2   2   3   3   3   3   4   4   4   4   4   4   4   4   4   4   5   5   5   5   5   5   5   5   5   5   5   5   5   5   5   5   5   5   5   5   5   5   5   5   5   5   5   5   5  
Converged A matrix ......... 
0.859628 0.140372 0.000000 0.000000 0.000000 
0.000000 0.911863 0.088137 0.000000 0.000000 
0.000000 0.000000 0.604748 0.395252 0.000000 
0.000000 0.000000 0.000000 0.896980 0.103020 
0.000000 0.000000 0.000000 0.000000 1.000000 
Converged B matrix ......... 
1.000000e-030 5.338957e-024 1.000000e+000 1.110816e-221 1.000000e-030 1.000000e-030 1.000000e-030 1.000000e-030 1.000000e-030 1.000000e-030 1.000000e-030 1.000000e-030 1.000000e-030 1.000000e-030 1.000000e-030 1.000000e-030 1.000000e-030 1.000000e-030 1.000000e-030 1.000000e-030 1.000000e-030 1.000000e-030 1.000000e-030 1.000000e-030 1.000000e-030 1.000000e-030 1.000000e-030 1.000000e-030 1.000000e-030 1.000000e-030 1.000000e-030 1.000000e-030 
1.000000e-030 1.762732e-001 6.474537e-001 1.762732e-001 1.000000e-030 1.000000e-030 1.000000e-030 1.000000e-030 1.000000e-030 1.000000e-030 1.000000e-030 1.000000e-030 1.000000e-030 1.000000e-030 1.000000e-030 1.000000e-030 1.000000e-030 1.000000e-030 1.000000e-030 1.000000e-030 1.000000e-030 1.000000e-030 1.000000e-030 1.000000e-030 1.000000e-030 1.000000e-030 1.000000e-030 1.000000e-030 1.000000e-030 1.000000e-030 1.000000e-030 1.000000e-030 
1.000000e-030 8.688314e-012 1.000000e+000 1.690140e-199 1.000000e-030 1.000000e-030 1.000000e-030 1.000000e-030 1.000000e-030 4.014801e-014 1.000000e-030 1.000000e-030 1.000000e-030 1.000000e-030 1.000000e-030 1.000000e-030 1.000000e-030 1.000000e-030 1.000000e-030 1.000000e-030 1.000000e-030 1.000000e-030 1.000000e-030 1.000000e-030 1.000000e-030 5.238530e-134 1.000000e-030 8.012783e-244 1.000000e-030 1.000000e-030 1.000000e-030 1.000000e-030 
1.000000e-030 1.000000e-030 3.787051e-091 1.000000e-030 8.814767e-261 1.000000e-030 7.660642e-203 1.000000e-030 1.000000e-030 4.120785e-001 1.000000e-030 3.818823e-001 1.000000e-030 1.000000e-030 1.000000e-030 1.000000e-030 1.000000e-030 1.000000e-030 1.000000e-030 1.000000e-030 1.000000e-030 1.000000e-030 1.000000e-030 2.915525e-174 3.601963e-021 1.030196e-001 1.000000e-030 1.030196e-001 1.000000e-030 1.000000e-030 1.000000e-030 4.899679e-126 
1.000000e-030 6.827544e-002 4.779281e-001 6.827544e-002 1.024132e-001 1.000000e-030 3.413772e-002 1.000000e-030 1.000000e-030 1.000000e-030 1.000000e-030 7.828160e-002 1.000000e-030 1.000000e-030 1.000000e-030 1.000000e-030 1.000000e-030 1.000000e-030 1.000000e-030 1.000000e-030 1.000000e-030 1.000000e-030 1.000000e-030 6.827544e-002 6.827544e-002 1.000000e-030 1.000000e-030 9.815470e-278 1.000000e-030 1.000000e-030 1.000000e-030 3.413772e-002 
                             **************************************************************
Sample 19.......... 
P star:5.274024e-037 
 1   1   1   1   1   2   2   2   3   3   3   3   3   3   3   3   3   3   3   3   3   3   3   4   4   4   4   4   4   4   4   5   5   5   5   5   5   5   5   5   5   5   5   5   5   5   5   5   5   5   5   5   5   5   5   5   5   5   5   5  
Converged A matrix ......... 
0.784518 0.215482 0.000000 0.000000 0.000000 
0.000000 0.843589 0.156411 0.000000 0.000000 
0.000000 0.000000 0.904088 0.095912 0.000000 
0.000000 0.000000 0.000000 0.888779 0.111221 
0.000000 0.000000 0.000000 0.000000 1.000000 
Converged B matrix ......... 
1.000000e-030 5.007836e-001 2.837342e-001 2.154822e-001 1.000000e-030 1.000000e-030 1.000000e-030 1.000000e-030 1.000000e-030 7.775670e-076 1.000000e-030 1.000000e-030 1.000000e-030 1.000000e-030 1.000000e-030 1.000000e-030 1.000000e-030 1.000000e-030 1.000000e-030 1.000000e-030 1.000000e-030 1.000000e-030 1.000000e-030 1.000000e-030 1.000000e-030 1.000000e-030 1.000000e-030 1.000000e-030 1.000000e-030 1.000000e-030 1.000000e-030 1.000000e-030 
1.000000e-030 2.754637e-001 5.681253e-001 1.399653e-122 1.000000e-030 1.000000e-030 1.000000e-030 1.000000e-030 1.000000e-030 1.564111e-001 1.000000e-030 1.000000e-030 1.000000e-030 1.000000e-030 1.000000e-030 1.000000e-030 1.000000e-030 1.000000e-030 1.000000e-030 1.000000e-030 1.000000e-030 1.000000e-030 1.000000e-030 1.000000e-030 1.000000e-030 1.000000e-030 1.000000e-030 1.000000e-030 1.000000e-030 1.000000e-030 1.000000e-030 1.000000e-030 
1.000000e-030 2.298249e-001 7.701751e-001 1.000000e-030 1.000000e-030 1.000000e-030 1.000000e-030 1.000000e-030 1.000000e-030 5.891147e-030 1.000000e-030 1.000000e-030 1.000000e-030 1.000000e-030 1.000000e-030 1.000000e-030 1.000000e-030 1.000000e-030 1.000000e-030 1.000000e-030 1.000000e-030 1.000000e-030 1.000000e-030 1.000000e-030 1.000000e-030 1.000000e-030 1.000000e-030 1.000000e-030 1.000000e-030 1.000000e-030 1.000000e-030 1.000000e-030 
1.000000e-030 2.705359e-001 7.294641e-001 1.000000e-030 1.000000e-030 1.000000e-030 1.000000e-030 1.000000e-030 1.000000e-030 3.898206e-047 1.000000e-030 2.682314e-274 1.000000e-030 1.000000e-030 1.000000e-030 1.000000e-030 1.000000e-030 1.000000e-030 1.000000e-030 1.000000e-030 1.000000e-030 1.000000e-030 1.000000e-030 1.000000e-030 1.000000e-030 1.000000e-030 1.000000e-030 1.000000e-030 1.000000e-030 1.000000e-030 1.000000e-030 1.000000e-030 
1.000000e-030 3.676015e-002 3.540715e-001 3.384268e-002 1.015281e-001 1.000000e-030 1.000000e-030 1.000000e-030 1.000000e-030 2.030561e-001 1.000000e-030 1.692134e-001 6.768537e-002 1.000000e-030 1.000000e-030 1.000000e-030 1.000000e-030 1.000000e-030 1.000000e-030 1.000000e-030 1.000000e-030 1.000000e-030 1.000000e-030 1.000000e-030 1.000000e-030 1.000000e-030 1.000000e-030 1.000000e-030 1.000000e-030 3.384268e-002 1.000000e-030 1.000000e-030 
                             **************************************************************
Sample 20.......... 
P star:1.966689e-027 
 1   1   1   1   1   1   1   1   1   1   1   1   1   1   1   1   2   2   2   2   2   2   2   3   3   3   3   4   4   4   4   4   4   4   4   5   5   5   5   5   5   5   5   5   5   5   5   5   5   5   5   5   5   5   5   5   5   5   5   5  
Converged A matrix ......... 
0.894220 0.105780 0.000000 0.000000 0.000000 
0.000000 0.886542 0.113458 0.000000 0.000000 
0.000000 0.000000 0.885486 0.114514 0.000000 
0.000000 0.000000 0.000000 0.875000 0.125000 
0.000000 0.000000 0.000000 0.000000 1.000000 
Converged B matrix ......... 
1.000000e-030 1.664831e-001 8.335169e-001 1.000000e-030 1.000000e-030 1.000000e-030 1.000000e-030 1.000000e-030 1.000000e-030 1.000000e-030 1.000000e-030 1.000000e-030 1.000000e-030 1.000000e-030 1.000000e-030 1.000000e-030 1.000000e-030 1.000000e-030 1.000000e-030 1.000000e-030 1.000000e-030 1.000000e-030 1.000000e-030 1.000000e-030 1.000000e-030 1.000000e-030 1.000000e-030 1.000000e-030 1.000000e-030 1.000000e-030 1.000000e-030 1.000000e-030 
1.000000e-030 1.965710e-001 8.034290e-001 1.000000e-030 1.000000e-030 1.000000e-030 1.000000e-030 1.000000e-030 1.000000e-030 1.000000e-030 1.000000e-030 1.000000e-030 1.000000e-030 1.000000e-030 1.000000e-030 1.000000e-030 1.000000e-030 1.000000e-030 1.000000e-030 1.000000e-030 1.000000e-030 1.000000e-030 1.000000e-030 1.000000e-030 1.000000e-030 1.000000e-030 1.000000e-030 1.000000e-030 1.000000e-030 1.000000e-030 1.000000e-030 1.000000e-030 
1.000000e-030 1.939398e-001 8.060602e-001 1.000000e-030 1.000000e-030 1.000000e-030 1.000000e-030 1.000000e-030 1.000000e-030 5.379021e-050 1.000000e-030 1.000000e-030 1.000000e-030 1.000000e-030 1.000000e-030 1.000000e-030 1.000000e-030 1.000000e-030 1.000000e-030 1.000000e-030 1.000000e-030 1.000000e-030 1.000000e-030 1.000000e-030 1.000000e-030 4.406974e-284 1.000000e-030 1.000000e-030 1.000000e-030 1.000000e-030 1.000000e-030 1.000000e-030 
1.000000e-030 1.000000e-030 9.101482e-083 1.000000e-030 1.000000e-030 1.000000e-030 1.000000e-030 1.000000e-030 1.000000e-030 3.750000e-001 1.000000e-030 1.000000e-030 1.000000e-030 1.000000e-030 1.000000e-030 1.000000e-030 1.000000e-030 1.000000e-030 1.000000e-030 1.000000e-030 1.000000e-030 1.000000e-030 1.000000e-030 1.000000e-030 1.000000e-030 3.750000e-001 1.000000e-030 2.500000e-001 1.000000e-030 7.013493e-188 1.000000e-030 8.699643e-028 
1.000000e-030 1.000000e-030 6.000000e-001 1.000000e-030 1.200000e-001 1.000000e-030 1.000000e-030 1.000000e-030 1.000000e-030 4.120932e-163 1.000000e-030 1.000000e-030 1.000000e-030 1.000000e-030 1.000000e-030 1.000000e-030 1.000000e-030 1.000000e-030 1.000000e-030 1.000000e-030 1.000000e-030 1.000000e-030 1.000000e-030 1.000000e-030 1.000000e-030 1.255903e-192 1.000000e-030 7.354402e-068 1.000000e-030 1.600000e-001 1.000000e-030 1.200000e-001 
                             **************************************************************
