Sample 1.......... 
P star:1.859477e-019 
 1   1   1   1   1   1   2   2   2   2   3   3   3   3   3   3   3   3   3   3   3   4   4   4   4   4   4   4   4   4   4   4   4   4   4   4   4   4   4   4   4   4   5   5   5   5   5   5   5   5   5   5   5   5   5   5   5   5   5   5  
Converged A matrix ......... 
0.833333 0.166667 0.000000 0.000000 0.000000 
0.000000 0.750000 0.250000 0.000000 0.000000 
0.000000 0.000000 0.933137 0.066863 0.000000 
0.000000 0.000000 0.000000 0.940790 0.059210 
0.000000 0.000000 0.000000 0.000000 1.000000 
Converged B matrix ......... 
1.000000e-030 1.000000e-030 1.000000e+000 1.000000e-030 6.327652e-015 1.000000e-030 1.000000e-030 1.000000e-030 1.000000e-030 1.000000e-030 1.000000e-030 6.816886e-138 1.000000e-030 1.000000e-030 1.000000e-030 1.000000e-030 1.000000e-030 1.000000e-030 1.000000e-030 1.000000e-030 1.000000e-030 1.000000e-030 1.000000e-030 1.000000e-030 1.000000e-030 1.000000e-030 1.000000e-030 1.000000e-030 1.000000e-030 1.000000e-030 1.000000e-030 1.000000e-030 
1.000000e-030 1.000000e-030 2.603438e-008 1.000000e-030 2.500000e-001 1.000000e-030 1.000000e-030 1.000000e-030 1.000000e-030 1.000000e-030 1.000000e-030 5.000000e-001 1.000000e-030 1.000000e-030 1.000000e-030 1.000000e-030 1.000000e-030 1.000000e-030 1.000000e-030 1.000000e-030 1.000000e-030 1.000000e-030 1.000000e-030 1.000000e-030 1.000000e-030 2.500000e-001 1.000000e-030 1.000000e-030 1.000000e-030 1.000000e-030 1.000000e-030 1.000000e-030 
1.000000e-030 1.000000e-030 7.994122e-001 1.000000e-030 2.823908e-124 1.000000e-030 1.000000e-030 1.000000e-030 1.000000e-030 6.686260e-002 1.000000e-030 1.587618e-044 1.000000e-030 1.171041e-105 1.000000e-030 1.000000e-030 1.000000e-030 1.000000e-030 1.000000e-030 1.000000e-030 1.000000e-030 1.000000e-030 1.000000e-030 1.000000e-030 1.000000e-030 1.337252e-001 1.000000e-030 1.000000e-030 1.000000e-030 1.000000e-030 1.000000e-030 1.000000e-030 
1.000000e-030 1.000000e-030 9.407904e-001 1.000000e-030 4.239553e-177 1.000000e-030 1.000000e-030 1.000000e-030 1.000000e-030 7.657253e-076 1.000000e-030 5.920956e-002 1.000000e-030 3.657884e-057 1.000000e-030 1.000000e-030 1.000000e-030 1.000000e-030 1.000000e-030 1.000000e-030 1.000000e-030 1.000000e-030 1.000000e-030 1.000000e-030 1.000000e-030 4.382412e-107 1.000000e-030 1.000000e-030 1.000000e-030 1.000000e-030 1.000000e-030 1.000000e-030 
1.000000e-030 1.000000e-030 1.186974e-001 1.000000e-030 2.698128e-177 1.000000e-030 1.000000e-030 1.000000e-030 1.000000e-030 8.081891e-076 1.000000e-030 7.160584e-001 1.000000e-030 1.652441e-001 1.000000e-030 1.000000e-030 1.000000e-030 1.000000e-030 1.000000e-030 1.000000e-030 1.000000e-030 1.000000e-030 1.000000e-030 1.000000e-030 1.000000e-030 1.520520e-075 1.000000e-030 1.000000e-030 1.000000e-030 1.000000e-030 1.000000e-030 1.000000e-030 
                             **************************************************************
Sample 2.......... 
P star:8.889773e-028 
 1   1   1   1   1   1   1   1   1   1   2   2   2   2   2   2   2   2   2   2   2   2   2   3   3   3   4   4   4   4   4   5   5   5   5   5   5   5   5   5   5   5   5   5   5   5   5   5   5   5   5   5   5   5   5   5   5   5   5   5  
Converged A matrix ......... 
0.929890 0.070110 0.000000 0.000000 0.000000 
0.000000 0.892764 0.107236 0.000000 0.000000 
0.000000 0.000000 0.585321 0.414679 0.000000 
0.000000 0.000000 0.000000 0.800000 0.200000 
0.000000 0.000000 0.000000 0.000000 1.000000 
Converged B matrix ......... 
1.000000e-030 1.000000e-030 8.742483e-001 1.000000e-030 1.000000e-030 1.000000e-030 1.000000e-030 1.000000e-030 1.000000e-030 5.566404e-002 1.000000e-030 7.008769e-002 1.000000e-030 1.000000e-030 1.000000e-030 1.000000e-030 1.000000e-030 1.000000e-030 1.000000e-030 1.000000e-030 1.000000e-030 1.000000e-030 1.000000e-030 1.000000e-030 1.000000e-030 1.000000e-030 1.000000e-030 1.000000e-030 1.000000e-030 1.000000e-030 1.000000e-030 1.000000e-030 
1.000000e-030 1.000000e-030 8.075259e-001 1.000000e-030 1.000000e-030 1.000000e-030 1.000000e-030 1.000000e-030 1.000000e-030 1.924395e-001 1.000000e-030 3.455951e-005 1.000000e-030 5.004473e-122 1.000000e-030 1.000000e-030 1.000000e-030 1.000000e-030 1.000000e-030 1.000000e-030 1.000000e-030 1.000000e-030 1.000000e-030 1.000000e-030 1.000000e-030 1.000000e-030 1.000000e-030 1.000000e-030 1.000000e-030 1.000000e-030 1.000000e-030 1.000000e-030 
1.000000e-030 1.000000e-030 1.589295e-057 1.000000e-030 1.000000e-030 1.000000e-030 1.000000e-030 1.000000e-030 1.000000e-030 5.853208e-001 1.000000e-030 4.146792e-001 1.000000e-030 1.015573e-087 1.000000e-030 1.000000e-030 1.000000e-030 1.000000e-030 1.000000e-030 1.000000e-030 1.000000e-030 1.000000e-030 1.000000e-030 1.000000e-030 1.000000e-030 1.000000e-030 1.000000e-030 1.000000e-030 1.000000e-030 1.000000e-030 1.000000e-030 1.000000e-030 
1.000000e-030 1.000000e-030 2.379632e-034 1.000000e-030 1.000000e-030 1.000000e-030 1.000000e-030 1.000000e-030 1.000000e-030 1.153293e-081 1.000000e-030 3.841073e-018 1.000000e-030 1.000000e+000 1.000000e-030 1.000000e-030 1.000000e-030 1.000000e-030 1.000000e-030 1.000000e-030 1.000000e-030 1.000000e-030 1.000000e-030 1.000000e-030 1.000000e-030 1.000000e-030 1.000000e-030 1.302585e-129 1.000000e-030 1.000000e-030 1.000000e-030 1.000000e-030 
1.000000e-030 1.000000e-030 3.448276e-001 1.000000e-030 3.448276e-002 1.000000e-030 1.000000e-030 1.000000e-030 1.000000e-030 6.896552e-002 1.000000e-030 3.448276e-001 1.000000e-030 1.861397e-133 1.000000e-030 1.000000e-030 1.000000e-030 1.000000e-030 1.000000e-030 1.000000e-030 1.000000e-030 1.000000e-030 1.000000e-030 1.000000e-030 1.000000e-030 1.000000e-030 1.000000e-030 2.068966e-001 1.000000e-030 1.000000e-030 1.000000e-030 1.000000e-030 
                             **************************************************************
Sample 3.......... 
P star:1.350040e-030 
 1   1   1   1   1   1   1   2   2   2   2   2   2   2   3   3   3   3   3   3   4   4   4   4   4   4   5   5   5   5   5   5   5   5   5   5   5   5   5   5   5   5   5   5   5   5   5   5   5   5   5   5   5   5   5   5   5   5   5   5  
Converged A matrix ......... 
0.799112 0.200888 0.000000 0.000000 0.000000 
0.000000 0.889161 0.110839 0.000000 0.000000 
0.000000 0.000000 0.833333 0.166667 0.000000 
0.000000 0.000000 0.000000 0.827328 0.172672 
0.000000 0.000000 0.000000 0.000000 1.000000 
Converged B matrix ......... 
1.000000e-030 1.000000e-030 5.167830e-001 1.000000e-030 1.000000e-030 1.000000e-030 1.000000e-030 1.000000e-030 1.000000e-030 1.000000e-030 1.000000e-030 4.831785e-001 1.000000e-030 2.063950e-249 1.000000e-030 1.000000e-030 1.000000e-030 1.000000e-030 1.000000e-030 1.000000e-030 1.000000e-030 1.000000e-030 1.000000e-030 1.000000e-030 1.000000e-030 1.000000e-030 1.000000e-030 3.847058e-005 1.000000e-030 4.127900e-250 1.000000e-030 1.000000e-030 
1.000000e-030 1.000000e-030 4.907401e-001 1.000000e-030 1.000000e-030 1.000000e-030 1.000000e-030 1.000000e-030 1.000000e-030 1.000000e-030 1.000000e-030 2.876035e-001 1.000000e-030 5.718153e-249 2.277543e-250 1.000000e-030 1.000000e-030 1.000000e-030 1.000000e-030 1.000000e-030 1.000000e-030 1.000000e-030 1.000000e-030 1.000000e-030 1.000000e-030 1.000000e-030 1.000000e-030 2.216565e-001 1.000000e-030 1.996887e-016 1.000000e-030 1.000000e-030 
1.000000e-030 1.000000e-030 5.060057e-050 1.000000e-030 1.000000e-030 1.000000e-030 1.000000e-030 1.000000e-030 1.000000e-030 1.000000e-030 1.000000e-030 1.142180e-269 1.000000e-030 8.333333e-001 8.981532e-034 1.000000e-030 1.000000e-030 1.000000e-030 1.000000e-030 1.000000e-030 1.000000e-030 1.000000e-030 1.000000e-030 1.000000e-030 1.000000e-030 1.000000e-030 1.000000e-030 1.000000e-030 1.000000e-030 1.666667e-001 1.000000e-030 1.000000e-030 
1.000000e-030 1.000000e-030 1.000000e-030 1.000000e-030 1.000000e-030 1.000000e-030 1.000000e-030 1.000000e-030 1.000000e-030 1.000000e-030 1.000000e-030 2.027493e-068 1.000000e-030 5.983288e-067 3.453441e-001 1.000000e-030 1.000000e-030 1.000000e-030 1.000000e-030 1.000000e-030 1.000000e-030 1.000000e-030 1.000000e-030 1.000000e-030 1.000000e-030 1.000000e-030 1.000000e-030 6.546559e-001 1.000000e-030 1.000000e-030 1.000000e-030 1.000000e-030 
1.000000e-030 1.000000e-030 1.461618e-001 1.000000e-030 2.046265e-001 1.000000e-030 1.000000e-030 1.000000e-030 1.000000e-030 1.000000e-030 1.000000e-030 5.554147e-001 1.000000e-030 4.140232e-316 4.247570e-113 1.000000e-030 1.000000e-030 1.000000e-030 1.000000e-030 1.000000e-030 1.000000e-030 1.000000e-030 1.000000e-030 1.000000e-030 1.000000e-030 1.000000e-030 1.000000e-030 9.379710e-002 1.000000e-030 1.000000e-030 1.000000e-030 1.000000e-030 
                             **************************************************************
Sample 4.......... 
P star:5.971883e-023 
 1   1   1   1   1   1   1   1   1   2   2   3   3   3   3   3   3   3   4   4   4   4   4   4   4   4   4   4   4   4   4   4   4   4   4   4   4   4   4   4   4   4   4   4   5   5   5   5   5   5   5   5   5   5   5   5   5   5   5   5  
Converged A matrix ......... 
0.888889 0.111111 0.000000 0.000000 0.000000 
0.000000 0.500000 0.500000 0.000000 0.000000 
0.000000 0.000000 0.859327 0.140673 0.000000 
0.000000 0.000000 0.000000 0.961231 0.038769 
0.000000 0.000000 0.000000 0.000000 1.000000 
Converged B matrix ......... 
1.000000e-030 1.111111e-001 7.777778e-001 1.111111e-001 1.000000e-030 1.000000e-030 1.000000e-030 1.000000e-030 1.000000e-030 1.000000e-030 1.000000e-030 2.685829e-073 1.000000e-030 1.000000e-030 1.000000e-030 1.000000e-030 1.000000e-030 1.000000e-030 1.000000e-030 1.000000e-030 1.000000e-030 1.000000e-030 1.000000e-030 1.000000e-030 1.000000e-030 1.000000e-030 1.000000e-030 1.000000e-030 1.000000e-030 1.000000e-030 1.000000e-030 1.000000e-030 
1.000000e-030 1.000000e-030 1.053864e-013 2.871660e-107 1.000000e-030 1.000000e-030 1.000000e-030 1.000000e-030 1.000000e-030 1.000000e-030 1.000000e-030 1.000000e+000 1.000000e-030 1.000000e-030 1.000000e-030 1.000000e-030 1.000000e-030 1.000000e-030 1.000000e-030 1.000000e-030 1.000000e-030 1.000000e-030 1.000000e-030 1.000000e-030 1.000000e-030 1.000000e-030 1.000000e-030 2.606916e-145 1.000000e-030 1.000000e-030 1.000000e-030 1.000000e-030 
1.000000e-030 2.004003e-184 8.440384e-001 2.004003e-184 1.528859e-002 1.000000e-030 1.000000e-030 1.000000e-030 1.000000e-030 1.000000e-030 1.000000e-030 1.058140e-057 1.000000e-030 1.000000e-030 1.000000e-030 1.000000e-030 1.000000e-030 1.000000e-030 1.000000e-030 1.000000e-030 1.000000e-030 1.000000e-030 1.000000e-030 1.000000e-030 1.000000e-030 1.000000e-030 1.000000e-030 1.406731e-001 1.000000e-030 1.000000e-030 1.000000e-030 1.000000e-030 
1.000000e-030 1.000000e-030 7.399804e-109 1.000000e-030 1.120942e-001 1.000000e-030 1.000000e-030 1.000000e-030 1.000000e-030 1.000000e-030 1.000000e-030 6.552902e-001 1.000000e-030 1.163078e-001 1.000000e-030 1.000000e-030 1.000000e-030 1.000000e-030 1.000000e-030 1.000000e-030 1.000000e-030 1.000000e-030 1.000000e-030 1.000000e-030 1.000000e-030 1.000000e-030 1.000000e-030 1.163078e-001 1.000000e-030 1.000000e-030 1.000000e-030 1.000000e-030 
1.000000e-030 1.000000e-030 9.318112e-001 1.000000e-030 2.074658e-115 1.000000e-030 1.000000e-030 1.000000e-030 1.000000e-030 1.000000e-030 1.000000e-030 6.818878e-002 1.000000e-030 1.000000e-030 1.000000e-030 1.000000e-030 1.000000e-030 1.000000e-030 1.000000e-030 1.000000e-030 1.000000e-030 1.000000e-030 1.000000e-030 1.000000e-030 1.000000e-030 1.000000e-030 1.000000e-030 1.210483e-267 1.000000e-030 1.000000e-030 1.000000e-030 1.000000e-030 
                             **************************************************************
Sample 5.......... 
P star:7.850228e-034 
 1   1   1   1   1   1   2   2   2   2   2   2   2   2   2   2   2   2   2   3   3   3   3   4   4   4   4   4   4   4   4   4   4   4   4   4   4   4   5   5   5   5   5   5   5   5   5   5   5   5   5   5   5   5   5   5   5   5   5   5  
Converged A matrix ......... 
0.872576 0.127424 0.000000 0.000000 0.000000 
0.000000 0.903719 0.096281 0.000000 0.000000 
0.000000 0.000000 0.760524 0.239476 0.000000 
0.000000 0.000000 0.000000 0.939153 0.060847 
0.000000 0.000000 0.000000 0.000000 1.000000 
Converged B matrix ......... 
1.000000e-030 1.000000e-030 4.436194e-001 7.628688e-052 1.000000e-030 1.000000e-030 1.000000e-030 1.000000e-030 1.000000e-030 2.548483e-001 1.000000e-030 3.015322e-001 1.000000e-030 1.000000e-030 1.000000e-030 1.000000e-030 1.000000e-030 1.000000e-030 1.000000e-030 1.000000e-030 1.000000e-030 1.000000e-030 1.000000e-030 1.000000e-030 1.000000e-030 1.000000e-030 1.000000e-030 1.000000e-030 1.000000e-030 1.000000e-030 1.000000e-030 1.000000e-030 
1.000000e-030 1.000000e-030 8.427118e-001 7.627915e-062 1.000000e-030 1.000000e-030 1.000000e-030 1.000000e-030 1.000000e-030 1.476555e-081 1.000000e-030 1.572882e-001 1.000000e-030 1.000000e-030 1.000000e-030 1.000000e-030 1.000000e-030 1.000000e-030 1.000000e-030 1.000000e-030 1.000000e-030 1.000000e-030 1.000000e-030 1.000000e-030 1.000000e-030 1.000000e-030 1.000000e-030 1.000000e-030 1.000000e-030 1.000000e-030 1.000000e-030 1.000000e-030 
1.000000e-030 1.000000e-030 5.210481e-001 2.394760e-001 1.000000e-030 1.000000e-030 1.000000e-030 1.000000e-030 1.000000e-030 2.394760e-001 1.000000e-030 1.446631e-068 1.000000e-030 8.348126e-284 1.000000e-030 1.000000e-030 1.000000e-030 1.000000e-030 1.000000e-030 1.000000e-030 1.000000e-030 1.000000e-030 1.000000e-030 1.000000e-030 1.000000e-030 1.000000e-030 1.000000e-030 5.194516e-025 1.000000e-030 1.000000e-030 1.000000e-030 1.000000e-030 
1.000000e-030 5.757032e-286 2.184709e-001 3.642142e-283 1.000000e-030 1.000000e-030 1.000000e-030 1.000000e-030 1.000000e-030 4.018472e-128 1.000000e-030 2.339087e-001 1.000000e-030 3.042336e-001 6.084671e-002 1.000000e-030 1.000000e-030 1.000000e-030 1.000000e-030 1.000000e-030 1.000000e-030 1.000000e-030 1.000000e-030 1.000000e-030 1.000000e-030 1.000000e-030 1.000000e-030 1.825401e-001 1.000000e-030 1.000000e-030 1.000000e-030 1.000000e-030 
1.000000e-030 1.418076e-001 3.308679e-001 4.726921e-002 1.000000e-030 1.000000e-030 1.000000e-030 1.000000e-030 1.000000e-030 1.000000e-030 1.000000e-030 4.800552e-001 1.000000e-030 1.078302e-052 1.000000e-030 1.000000e-030 1.000000e-030 1.000000e-030 1.000000e-030 1.000000e-030 1.000000e-030 1.000000e-030 1.000000e-030 1.000000e-030 1.000000e-030 1.000000e-030 1.000000e-030 2.964148e-231 1.000000e-030 1.000000e-030 1.000000e-030 1.000000e-030 
                             **************************************************************
Sample 6.......... 
P star:7.571863e-031 
 1   1   1   1   1   1   1   1   2   2   2   3   3   3   3   3   3   3   3   3   3   3   3   4   4   4   4   4   4   4   4   4   4   4   4   4   5   5   5   5   5   5   5   5   5   5   5   5   5   5   5   5   5   5   5   5   5   5   5   5  
Converged A matrix ......... 
0.870850 0.129150 0.000000 0.000000 0.000000 
0.000000 0.698729 0.301271 0.000000 0.000000 
0.000000 0.000000 0.913161 0.086839 0.000000 
0.000000 0.000000 0.000000 0.925497 0.074503 
0.000000 0.000000 0.000000 0.000000 1.000000 
Converged B matrix ......... 
1.000000e-030 1.000000e-030 6.238240e-001 1.000000e-030 1.000000e-030 1.000000e-030 1.000000e-030 1.000000e-030 1.000000e-030 2.470260e-001 1.000000e-030 9.728970e-039 1.000000e-030 3.028953e-256 1.000000e-030 1.000000e-030 1.000000e-030 1.000000e-030 1.000000e-030 1.000000e-030 1.000000e-030 1.000000e-030 1.000000e-030 1.000000e-030 1.000000e-030 1.291500e-001 1.000000e-030 1.310734e-313 1.000000e-030 1.000000e-030 1.000000e-030 1.000000e-030 
1.000000e-030 1.000000e-030 6.988869e-002 1.000000e-030 1.000000e-030 1.000000e-030 1.000000e-030 1.000000e-030 1.000000e-030 3.275698e-001 1.000000e-030 6.025415e-001 1.000000e-030 1.000000e-030 1.000000e-030 1.000000e-030 1.000000e-030 1.000000e-030 1.000000e-030 1.000000e-030 1.000000e-030 1.000000e-030 1.000000e-030 1.000000e-030 1.000000e-030 8.306904e-164 1.000000e-030 6.087631e-313 1.000000e-030 1.000000e-030 1.000000e-030 1.000000e-030 
1.000000e-030 1.000000e-030 9.131609e-001 1.000000e-030 1.000000e-030 1.000000e-030 1.000000e-030 1.000000e-030 1.000000e-030 8.683914e-002 1.000000e-030 1.809019e-062 1.000000e-030 1.927291e-096 1.000000e-030 1.000000e-030 1.000000e-030 1.000000e-030 1.000000e-030 1.000000e-030 1.000000e-030 1.000000e-030 1.000000e-030 1.000000e-030 1.000000e-030 1.000000e-030 1.000000e-030 3.843625e-286 1.000000e-030 1.000000e-030 1.000000e-030 1.000000e-030 
1.000000e-030 1.000000e-030 3.294715e-001 1.000000e-030 1.000000e-030 1.000000e-030 1.000000e-030 1.000000e-030 1.000000e-030 3.126295e-091 1.000000e-030 3.969887e-071 1.000000e-030 5.215222e-001 1.000000e-030 1.000000e-030 1.000000e-030 1.000000e-030 1.000000e-030 1.000000e-030 1.000000e-030 1.000000e-030 1.000000e-030 1.000000e-030 1.000000e-030 1.000000e-030 1.000000e-030 1.490063e-001 1.000000e-030 1.000000e-030 1.000000e-030 1.000000e-030 
1.000000e-030 4.166667e-002 4.583333e-001 1.000000e-030 8.333333e-002 1.000000e-030 1.000000e-030 1.000000e-030 1.000000e-030 4.166667e-002 1.000000e-030 3.333333e-001 1.000000e-030 3.441117e-039 1.000000e-030 1.000000e-030 1.000000e-030 1.000000e-030 1.000000e-030 1.000000e-030 1.000000e-030 1.000000e-030 1.000000e-030 1.000000e-030 1.000000e-030 4.166667e-002 1.000000e-030 1.000000e-030 1.000000e-030 1.000000e-030 1.000000e-030 1.000000e-030 
                             **************************************************************
Sample 7.......... 
P star:3.638710e-024 
 1   1   1   1   1   1   1   1   1   1   1   1   1   1   2   2   2   2   2   2   3   3   3   4   4   4   4   4   5   5   5   5   5   5   5   5   5   5   5   5   5   5   5   5   5   5   5   5   5   5   5   5   5   5   5   5   5   5   5   5  
Converged A matrix ......... 
0.879840 0.120160 0.000000 0.000000 0.000000 
0.000000 0.914367 0.085633 0.000000 0.000000 
0.000000 0.000000 0.666667 0.333333 0.000000 
0.000000 0.000000 0.000000 0.839240 0.160760 
0.000000 0.000000 0.000000 0.000000 1.000000 
Converged B matrix ......... 
1.000000e-030 1.000000e-030 1.000000e+000 1.000000e-030 1.000000e-030 1.000000e-030 1.000000e-030 1.000000e-030 1.000000e-030 8.772014e-018 1.000000e-030 5.478575e-310 1.000000e-030 1.000000e-030 1.000000e-030 1.000000e-030 1.000000e-030 1.000000e-030 1.000000e-030 1.000000e-030 1.000000e-030 1.000000e-030 1.000000e-030 1.000000e-030 1.000000e-030 1.000000e-030 1.000000e-030 1.000000e-030 1.000000e-030 1.000000e-030 1.000000e-030 1.000000e-030 
1.000000e-030 1.000000e-030 9.143670e-001 1.000000e-030 1.000000e-030 1.000000e-030 1.000000e-030 1.000000e-030 1.000000e-030 8.563300e-002 1.000000e-030 4.859967e-081 1.000000e-030 1.000000e-030 1.000000e-030 1.000000e-030 1.000000e-030 1.000000e-030 1.000000e-030 1.000000e-030 1.000000e-030 1.000000e-030 1.000000e-030 1.000000e-030 1.000000e-030 1.000000e-030 1.000000e-030 1.000000e-030 1.000000e-030 1.000000e-030 1.000000e-030 1.000000e-030 
1.000000e-030 1.000000e-030 3.334488e-012 1.000000e-030 1.000000e-030 1.000000e-030 1.000000e-030 1.000000e-030 1.000000e-030 1.000000e-030 1.000000e-030 6.666667e-001 1.000000e-030 4.067208e-318 1.000000e-030 1.000000e-030 1.000000e-030 1.000000e-030 1.000000e-030 1.000000e-030 1.000000e-030 1.000000e-030 1.000000e-030 1.000000e-030 1.000000e-030 1.000000e-030 1.000000e-030 1.000000e-030 1.000000e-030 3.333333e-001 1.000000e-030 1.000000e-030 
1.000000e-030 1.000000e-030 5.177192e-001 1.000000e-030 1.000000e-030 1.000000e-030 1.000000e-030 1.000000e-030 1.000000e-030 1.000000e-030 1.000000e-030 2.110429e-300 1.000000e-030 4.822808e-001 1.000000e-030 1.000000e-030 1.000000e-030 1.000000e-030 1.000000e-030 1.000000e-030 1.000000e-030 1.000000e-030 1.000000e-030 1.000000e-030 1.000000e-030 1.000000e-030 1.000000e-030 2.314843e-096 1.000000e-030 1.692377e-020 1.000000e-030 1.000000e-030 
1.000000e-030 1.000000e-030 5.451527e-001 1.000000e-030 3.248910e-002 1.000000e-030 1.000000e-030 1.000000e-030 1.000000e-030 1.000000e-030 1.000000e-030 2.274237e-001 1.000000e-030 3.219088e-152 1.000000e-030 1.000000e-030 1.000000e-030 1.000000e-030 1.000000e-030 1.000000e-030 1.000000e-030 1.000000e-030 1.000000e-030 1.000000e-030 1.000000e-030 1.000000e-030 1.000000e-030 1.949346e-001 1.000000e-030 1.000000e-030 1.000000e-030 1.000000e-030 
                             **************************************************************
Sample 8.......... 
P star:4.279706e-033 
 1   1   1   1   1   1   1   1   1   1   1   1   1   1   1   1   1   2   2   2   2   3   4   4   4   4   4   5   5   5   5   5   5   5   5   5   5   5   5   5   5   5   5   5   5   5   5   5   5   5   5   5   5   5   5   5   5   5   5   5  
Converged A matrix ......... 
0.918310 0.081690 0.000000 0.000000 0.000000 
0.000000 0.885827 0.114173 0.000000 0.000000 
0.000000 0.000000 0.000000 1.000000 0.000000 
0.000000 0.000000 0.000000 0.800000 0.200000 
0.000000 0.000000 0.000000 0.000000 1.000000 
Converged B matrix ......... 
1.000000e-030 5.191168e-001 4.808832e-001 1.000000e-030 1.000000e-030 1.000000e-030 2.652532e-275 1.000000e-030 1.000000e-030 3.084932e-057 1.000000e-030 1.000000e-030 1.000000e-030 5.496013e-275 1.000000e-030 1.000000e-030 1.000000e-030 1.000000e-030 1.000000e-030 1.000000e-030 1.000000e-030 1.000000e-030 1.000000e-030 1.000000e-030 1.000000e-030 1.000000e-030 1.000000e-030 1.000000e-030 1.000000e-030 1.000000e-030 1.000000e-030 1.000000e-030 
1.000000e-030 5.303683e-001 3.554583e-001 1.000000e-030 1.000000e-030 1.000000e-030 1.000000e-030 1.000000e-030 1.000000e-030 1.141734e-001 1.000000e-030 1.000000e-030 1.000000e-030 1.085499e-274 1.000000e-030 1.000000e-030 1.000000e-030 1.000000e-030 1.000000e-030 1.000000e-030 1.000000e-030 1.000000e-030 1.000000e-030 1.000000e-030 1.000000e-030 1.000000e-030 1.000000e-030 1.000000e-030 1.000000e-030 1.000000e-030 1.000000e-030 1.000000e-030 
1.000000e-030 5.363457e-070 2.540696e-060 1.000000e-030 1.000000e-030 1.000000e-030 1.000000e+000 1.000000e-030 1.000000e-030 6.076571e-129 1.000000e-030 1.000000e-030 1.000000e-030 1.000000e-030 1.000000e-030 1.000000e-030 1.000000e-030 1.000000e-030 1.000000e-030 1.000000e-030 1.000000e-030 1.000000e-030 1.000000e-030 1.000000e-030 1.000000e-030 1.000000e-030 1.000000e-030 1.808237e-293 1.000000e-030 1.000000e-030 1.000000e-030 1.000000e-030 
1.000000e-030 1.826579e-100 9.351136e-011 1.000000e-030 1.000000e-030 1.000000e-030 5.081391e-061 1.000000e-030 1.000000e-030 2.671966e-159 1.000000e-030 3.963404e-149 1.000000e-030 1.000000e+000 1.000000e-030 1.000000e-030 1.000000e-030 1.000000e-030 1.000000e-030 1.000000e-030 1.000000e-030 1.000000e-030 1.000000e-030 1.000000e-030 1.000000e-030 1.000000e-030 1.000000e-030 1.801547e-119 1.000000e-030 1.000000e-030 1.000000e-030 1.000000e-030 
1.000000e-030 2.727273e-001 2.121212e-001 1.000000e-030 1.000000e-030 1.000000e-030 1.000000e-030 1.000000e-030 1.000000e-030 6.060606e-002 3.030303e-002 3.636364e-001 1.000000e-030 3.257876e-146 1.000000e-030 1.000000e-030 1.000000e-030 1.000000e-030 1.000000e-030 1.000000e-030 1.000000e-030 1.000000e-030 1.000000e-030 1.000000e-030 1.000000e-030 1.000000e-030 1.000000e-030 6.060606e-002 1.000000e-030 1.000000e-030 1.000000e-030 1.000000e-030 
                             **************************************************************
Sample 9.......... 
P star:1.022570e-031 
 1   1   1   2   2   2   2   2   2   2   2   2   2   2   2   3   3   3   3   3   3   3   3   4   4   4   4   4   4   4   5   5   5   5   5   5   5   5   5   5   5   5   5   5   5   5   5   5   5   5   5   5   5   5   5   5   5   5   5   5  
Converged A matrix ......... 
0.666667 0.333333 0.000000 0.000000 0.000000 
0.000000 0.912378 0.087622 0.000000 0.000000 
0.000000 0.000000 0.878654 0.121346 0.000000 
0.000000 0.000000 0.000000 0.868482 0.131518 
0.000000 0.000000 0.000000 0.000000 1.000000 
Converged B matrix ......... 
1.000000e-030 1.000000e-030 2.041888e-057 3.333333e-001 1.000000e-030 1.000000e-030 1.000000e-030 1.000000e-030 1.000000e-030 3.333333e-001 1.000000e-030 3.333333e-001 1.000000e-030 1.000000e-030 1.000000e-030 1.000000e-030 1.000000e-030 1.000000e-030 1.000000e-030 1.000000e-030 1.000000e-030 1.000000e-030 1.000000e-030 1.000000e-030 1.000000e-030 1.000000e-030 1.000000e-030 1.000000e-030 1.000000e-030 1.000000e-030 1.000000e-030 1.000000e-030 
1.000000e-030 1.000000e-030 9.123783e-001 1.000000e-030 1.000000e-030 1.000000e-030 1.000000e-030 1.000000e-030 1.000000e-030 3.854279e-045 1.000000e-030 7.751662e-065 1.000000e-030 1.000000e-030 1.000000e-030 1.000000e-030 1.000000e-030 1.000000e-030 1.000000e-030 1.000000e-030 1.000000e-030 1.000000e-030 1.000000e-030 1.000000e-030 1.000000e-030 8.762175e-002 1.000000e-030 1.000000e-030 1.000000e-030 1.000000e-030 1.000000e-030 1.000000e-030 
1.000000e-030 1.213462e-001 3.932692e-001 1.000000e-030 1.000000e-030 1.000000e-030 1.000000e-030 1.000000e-030 1.000000e-030 2.426923e-001 1.000000e-030 2.426923e-001 1.000000e-030 4.285865e-092 1.000000e-030 1.000000e-030 1.000000e-030 1.000000e-030 1.000000e-030 1.000000e-030 1.000000e-030 1.000000e-030 1.000000e-030 1.000000e-030 1.000000e-030 3.373813e-099 1.000000e-030 1.000000e-030 1.000000e-030 1.000000e-030 1.000000e-030 1.000000e-030 
1.000000e-030 1.000000e-030 2.108893e-001 1.000000e-030 1.000000e-030 1.000000e-030 1.000000e-030 1.000000e-030 1.000000e-030 1.315184e-001 1.000000e-030 2.381139e-044 1.000000e-030 6.575922e-001 1.000000e-030 1.000000e-030 1.000000e-030 1.000000e-030 1.000000e-030 1.000000e-030 1.000000e-030 1.000000e-030 1.000000e-030 1.000000e-030 1.000000e-030 1.000000e-030 1.000000e-030 1.405274e-067 1.000000e-030 1.000000e-030 1.000000e-030 1.000000e-030 
1.000000e-030 1.000000e-030 5.292998e-001 3.362144e-002 6.724288e-002 1.000000e-030 1.000000e-030 1.000000e-030 1.000000e-030 8.045386e-010 1.000000e-030 2.353501e-001 1.000000e-030 1.276606e-255 1.000000e-030 1.000000e-030 1.000000e-030 1.000000e-030 1.000000e-030 1.000000e-030 1.000000e-030 1.000000e-030 1.000000e-030 1.000000e-030 1.000000e-030 1.000000e-030 1.000000e-030 1.344858e-001 1.000000e-030 1.000000e-030 1.000000e-030 1.000000e-030 
                             **************************************************************
Sample 10.......... 
P star:1.085177e-036 
 1   1   1   1   1   1   2   2   2   2   2   2   2   2   3   3   3   3   3   3   3   3   3   3   4   4   5   5   5   5   5   5   5   5   5   5   5   5   5   5   5   5   5   5   5   5   5   5   5   5   5   5   5   5   5   5   5   5   5   5  
Converged A matrix ......... 
0.809354 0.190646 0.000000 0.000000 0.000000 
0.000000 0.872288 0.127712 0.000000 0.000000 
0.000000 0.000000 0.909063 0.090937 0.000000 
0.000000 0.000000 0.000000 0.464774 0.535226 
0.000000 0.000000 0.000000 0.000000 1.000000 
Converged B matrix ......... 
1.000000e-030 1.649190e-042 1.000000e+000 2.525482e-013 1.000000e-030 1.000000e-030 1.000000e-030 1.000000e-030 1.000000e-030 2.439729e-160 1.000000e-030 1.000000e-030 1.000000e-030 1.000000e-030 1.000000e-030 1.000000e-030 1.000000e-030 1.000000e-030 1.000000e-030 1.000000e-030 1.000000e-030 1.000000e-030 1.000000e-030 1.000000e-030 1.000000e-030 1.000000e-030 1.000000e-030 1.373151e-200 1.000000e-030 1.000000e-030 1.000000e-030 1.000000e-030 
1.000000e-030 4.594546e-001 4.128338e-001 1.277117e-001 1.000000e-030 1.000000e-030 1.000000e-030 1.000000e-030 1.000000e-030 3.892463e-013 1.000000e-030 1.000000e-030 1.000000e-030 1.000000e-030 1.000000e-030 1.000000e-030 1.000000e-030 1.000000e-030 1.000000e-030 1.000000e-030 1.000000e-030 1.000000e-030 1.000000e-030 1.000000e-030 1.000000e-030 1.000000e-030 1.000000e-030 3.360192e-159 1.000000e-030 1.000000e-030 1.000000e-030 1.000000e-030 
1.000000e-030 4.326325e-002 6.839594e-001 6.213383e-045 1.000000e-030 1.000000e-030 1.000000e-030 1.000000e-030 1.000000e-030 1.818516e-001 1.000000e-030 9.438407e-242 1.000000e-030 8.604868e-125 1.000000e-030 1.000000e-030 1.000000e-030 1.000000e-030 1.000000e-030 1.000000e-030 1.000000e-030 1.000000e-030 1.000000e-030 1.000000e-030 1.000000e-030 1.000000e-030 1.000000e-030 9.092579e-002 1.000000e-030 1.000000e-030 1.000000e-030 1.000000e-030 
1.000000e-030 9.999912e-001 8.778633e-006 4.510192e-038 1.000000e-030 1.000000e-030 1.000000e-030 1.000000e-030 1.000000e-030 1.081972e-232 1.000000e-030 5.064561e-124 1.000000e-030 4.655682e-108 5.398950e-212 1.000000e-030 1.000000e-030 1.000000e-030 1.000000e-030 1.000000e-030 1.000000e-030 1.000000e-030 1.000000e-030 1.000000e-030 1.000000e-030 1.000000e-030 1.000000e-030 2.034612e-311 1.000000e-030 1.000000e-030 1.000000e-030 1.000000e-030 
1.000000e-030 3.107215e-002 4.697909e-001 2.936037e-002 2.936037e-002 1.000000e-030 1.000000e-030 1.000000e-030 1.000000e-030 2.936745e-002 1.000000e-030 1.468019e-001 1.000000e-030 8.808111e-002 2.936037e-002 1.000000e-030 1.000000e-030 1.000000e-030 1.000000e-030 1.000000e-030 1.000000e-030 1.000000e-030 1.000000e-030 1.000000e-030 1.000000e-030 1.000000e-030 1.000000e-030 1.468054e-001 1.000000e-030 1.000000e-030 1.000000e-030 1.000000e-030 
                             **************************************************************
Sample 11.......... 
P star:3.547068e-027 
 1   2   2   2   2   2   2   2   2   2   2   2   2   2   2   3   3   3   3   3   4   4   4   4   4   4   4   4   4   4   4   4   4   4   4   4   4   4   4   4   4   5   5   5   5   5   5   5   5   5   5   5   5   5   5   5   5   5   5   5  
Converged A matrix ......... 
0.000000 1.000000 0.000000 0.000000 0.000000 
0.000000 0.893018 0.106982 0.000000 0.000000 
0.000000 0.000000 0.888460 0.111540 0.000000 
0.000000 0.000000 0.000000 0.952367 0.047633 
0.000000 0.000000 0.000000 0.000000 1.000000 
Converged B matrix ......... 
1.000000e-030 1.000000e-030 1.000000e-030 1.000000e-030 1.000000e-030 1.000000e-030 1.000000e-030 1.000000e-030 1.000000e-030 1.000000e-030 1.000000e-030 1.000000e+000 1.000000e-030 1.000000e-030 1.000000e-030 1.000000e-030 1.000000e-030 1.000000e-030 1.000000e-030 1.000000e-030 1.000000e-030 1.000000e-030 1.000000e-030 1.000000e-030 1.000000e-030 1.000000e-030 1.000000e-030 1.000000e-030 1.000000e-030 1.000000e-030 1.000000e-030 1.000000e-030 
1.000000e-030 1.000000e-030 8.328572e-001 1.000000e-030 1.000000e-030 1.000000e-030 1.000000e-030 1.000000e-030 1.000000e-030 1.000000e-030 1.000000e-030 1.671428e-001 1.000000e-030 1.000000e-030 1.000000e-030 1.000000e-030 1.000000e-030 1.000000e-030 1.000000e-030 1.000000e-030 1.000000e-030 1.000000e-030 1.000000e-030 1.000000e-030 1.000000e-030 1.000000e-030 1.000000e-030 9.200421e-023 1.000000e-030 2.550444e-118 1.000000e-030 1.000000e-030 
1.000000e-030 1.000000e-030 7.488717e-001 1.000000e-030 1.000000e-030 1.000000e-030 1.000000e-030 1.000000e-030 1.000000e-030 1.000000e-030 1.000000e-030 1.425274e-001 1.000000e-030 9.496058e-265 1.000000e-030 1.000000e-030 1.000000e-030 1.000000e-030 1.000000e-030 1.000000e-030 1.000000e-030 1.000000e-030 1.000000e-030 1.000000e-030 1.000000e-030 1.000000e-030 1.000000e-030 1.086009e-001 1.000000e-030 3.559641e-036 1.000000e-030 1.000000e-030 
1.000000e-030 1.000000e-030 1.191303e-001 1.000000e-030 9.854980e-033 1.000000e-030 1.000000e-030 1.000000e-030 1.000000e-030 1.000000e-030 1.000000e-030 4.032838e-001 1.000000e-030 4.763309e-002 1.000000e-030 1.000000e-030 1.000000e-030 1.000000e-030 1.000000e-030 1.000000e-030 1.000000e-030 1.000000e-030 1.000000e-030 1.000000e-030 1.000000e-030 1.000000e-030 1.000000e-030 3.823197e-001 1.000000e-030 4.763309e-002 1.000000e-030 1.000000e-030 
1.000000e-030 1.000000e-030 7.108993e-001 1.000000e-030 5.077852e-002 1.000000e-030 1.000000e-030 1.000000e-030 1.000000e-030 1.000000e-030 1.000000e-030 2.383222e-001 1.000000e-030 1.000000e-030 1.000000e-030 1.000000e-030 1.000000e-030 1.000000e-030 1.000000e-030 1.000000e-030 1.000000e-030 1.000000e-030 1.000000e-030 1.000000e-030 1.000000e-030 1.000000e-030 1.000000e-030 9.184239e-150 1.000000e-030 1.000000e-030 1.000000e-030 1.000000e-030 
                             **************************************************************
Sample 12.......... 
P star:1.104367e-029 
 1   1   2   2   2   2   2   2   2   3   3   3   3   3   3   3   4   4   4   4   4   4   4   4   4   4   4   5   5   5   5   5   5   5   5   5   5   5   5   5   5   5   5   5   5   5   5   5   5   5   5   5   5   5   5   5   5   5   5   5  
Converged A matrix ......... 
0.713946 0.286054 0.000000 0.000000 0.000000 
0.000000 0.876752 0.123248 0.000000 0.000000 
0.000000 0.000000 0.853779 0.146221 0.000000 
0.000000 0.000000 0.000000 0.861343 0.138657 
0.000000 0.000000 0.000000 0.000000 1.000000 
Converged B matrix ......... 
1.000000e-030 4.418132e-072 7.139462e-001 1.000000e-030 3.100518e-174 1.000000e-030 1.000000e-030 1.000000e-030 1.000000e-030 1.000000e-030 1.000000e-030 2.860538e-001 1.000000e-030 1.000000e-030 1.000000e-030 1.000000e-030 1.000000e-030 1.000000e-030 1.000000e-030 1.000000e-030 1.000000e-030 1.000000e-030 1.000000e-030 1.000000e-030 1.000000e-030 1.000000e-030 1.000000e-030 2.147310e-281 1.000000e-030 1.000000e-030 1.000000e-030 1.000000e-030 
1.000000e-030 2.464950e-001 7.535050e-001 1.000000e-030 2.076293e-119 1.000000e-030 1.000000e-030 1.000000e-030 1.000000e-030 1.000000e-030 1.000000e-030 2.943575e-045 1.000000e-030 1.000000e-030 1.000000e-030 1.000000e-030 1.000000e-030 1.000000e-030 1.000000e-030 1.000000e-030 1.000000e-030 1.000000e-030 1.000000e-030 1.000000e-030 1.000000e-030 1.000000e-030 1.000000e-030 1.000000e-030 1.000000e-030 1.000000e-030 1.000000e-030 1.000000e-030 
1.000000e-030 1.923430e-063 8.537790e-001 1.000000e-030 4.543153e-024 1.000000e-030 1.000000e-030 1.000000e-030 1.000000e-030 1.000000e-030 1.000000e-030 1.462210e-001 1.000000e-030 1.000000e-030 1.000000e-030 1.000000e-030 1.000000e-030 1.000000e-030 1.000000e-030 1.000000e-030 1.000000e-030 1.000000e-030 1.000000e-030 1.000000e-030 1.000000e-030 1.000000e-030 1.000000e-030 1.766001e-054 1.000000e-030 1.000000e-030 1.000000e-030 1.000000e-030 
1.000000e-030 6.053055e-161 8.613423e-001 4.183174e-142 1.386570e-001 1.000000e-030 1.000000e-030 1.000000e-030 1.000000e-030 1.000000e-030 1.000000e-030 6.579362e-007 1.000000e-030 1.000000e-030 1.000000e-030 1.000000e-030 1.000000e-030 1.000000e-030 1.000000e-030 1.000000e-030 1.000000e-030 1.000000e-030 1.000000e-030 1.000000e-030 1.000000e-030 1.000000e-030 1.000000e-030 1.782942e-053 1.000000e-030 1.000000e-030 1.000000e-030 1.000000e-030 
1.000000e-030 1.043551e-236 4.758211e-001 2.912105e-002 9.779260e-175 1.000000e-030 1.000000e-030 1.000000e-030 1.000000e-030 1.000000e-030 2.912105e-002 1.456052e-001 1.000000e-030 1.000000e-030 1.000000e-030 1.000000e-030 1.000000e-030 1.000000e-030 1.000000e-030 1.000000e-030 1.000000e-030 1.000000e-030 1.000000e-030 1.000000e-030 1.000000e-030 2.912105e-002 1.000000e-030 2.912105e-001 1.000000e-030 1.000000e-030 1.000000e-030 1.000000e-030 
                             **************************************************************
Sample 13.......... 
P star:8.021022e-028 
 1   1   1   1   1   1   1   1   1   1   1   1   2   3   3   3   3   3   3   3   3   3   3   3   4   4   4   4   4   4   4   4   4   4   4   5   5   5   5   5   5   5   5   5   5   5   5   5   5   5   5   5   5   5   5   5   5   5   5   5  
Converged A matrix ......... 
0.916667 0.083333 0.000000 0.000000 0.000000 
0.000000 0.000000 1.000000 0.000000 0.000000 
0.000000 0.000000 0.912524 0.087476 0.000000 
0.000000 0.000000 0.000000 0.905378 0.094622 
0.000000 0.000000 0.000000 0.000000 1.000000 
Converged B matrix ......... 
1.000000e-030 1.000000e-030 8.333333e-001 8.333333e-002 1.000000e-030 1.000000e-030 1.000000e-030 1.000000e-030 1.000000e-030 1.000000e-030 1.442021e-236 1.000000e-030 1.000000e-030 1.000000e-030 1.000000e-030 1.000000e-030 1.000000e-030 1.000000e-030 1.000000e-030 1.000000e-030 1.000000e-030 1.000000e-030 1.000000e-030 1.000000e-030 1.000000e-030 8.333333e-002 1.000000e-030 1.000000e-030 1.000000e-030 1.000000e-030 1.000000e-030 1.000000e-030 
1.000000e-030 1.000000e-030 1.236922e-237 3.048194e-240 1.000000e-030 1.000000e-030 1.000000e-030 1.000000e-030 1.000000e-030 1.000000e-030 1.000000e+000 1.000000e-030 1.000000e-030 1.000000e-030 1.000000e-030 1.000000e-030 1.000000e-030 1.000000e-030 1.000000e-030 1.000000e-030 1.000000e-030 1.000000e-030 1.000000e-030 1.000000e-030 1.000000e-030 1.000000e-030 1.000000e-030 1.000000e-030 1.000000e-030 1.718928e-235 1.000000e-030 1.000000e-030 
1.000000e-030 1.000000e-030 6.123349e-001 1.000000e-030 2.876323e-176 1.000000e-030 1.000000e-030 1.000000e-030 1.000000e-030 1.000000e-030 7.898380e-240 8.747641e-002 1.000000e-030 1.000000e-030 1.000000e-030 1.000000e-030 1.000000e-030 1.000000e-030 1.000000e-030 1.000000e-030 1.000000e-030 1.000000e-030 1.000000e-030 1.000000e-030 1.000000e-030 8.747641e-002 1.000000e-030 1.252359e-001 1.000000e-030 8.747641e-002 1.000000e-030 1.000000e-030 
1.000000e-030 1.000000e-030 3.783889e-063 1.000000e-030 4.731109e-001 1.000000e-030 1.000000e-030 1.000000e-030 1.000000e-030 1.000000e-030 1.000000e-030 1.000000e-030 1.000000e-030 1.000000e-030 1.000000e-030 1.000000e-030 1.000000e-030 1.000000e-030 1.000000e-030 1.000000e-030 1.000000e-030 1.000000e-030 1.000000e-030 1.000000e-030 1.000000e-030 1.609764e-153 1.000000e-030 3.376448e-001 1.000000e-030 1.892444e-001 1.000000e-030 1.000000e-030 
1.000000e-030 1.600000e-001 6.800000e-001 1.000000e-030 4.665830e-204 1.000000e-030 1.000000e-030 1.000000e-030 1.000000e-030 1.000000e-030 1.000000e-030 1.600000e-001 1.000000e-030 1.000000e-030 1.000000e-030 1.000000e-030 1.000000e-030 1.000000e-030 1.000000e-030 1.000000e-030 1.000000e-030 1.000000e-030 1.000000e-030 1.000000e-030 1.000000e-030 1.000000e-030 1.000000e-030 3.346897e-088 1.000000e-030 1.000000e-030 1.000000e-030 1.000000e-030 
                             **************************************************************
Sample 14.......... 
P star:1.353001e-031 
 1   1   1   1   1   1   2   2   3   3   3   3   3   3   3   3   3   3   3   3   3   3   4   4   4   4   5   5   5   5   5   5   5   5   5   5   5   5   5   5   5   5   5   5   5   5   5   5   5   5   5   5   5   5   5   5   5   5   5   5  
Converged A matrix ......... 
0.833333 0.166667 0.000000 0.000000 0.000000 
0.000000 0.500000 0.500000 0.000000 0.000000 
0.000000 0.000000 0.923947 0.076053 0.000000 
0.000000 0.000000 0.000000 0.709541 0.290459 
0.000000 0.000000 0.000000 0.000000 1.000000 
Converged B matrix ......... 
1.000000e-030 1.000000e-030 1.000000e+000 1.000000e-030 1.000000e-030 1.000000e-030 1.000000e-030 1.000000e-030 1.000000e-030 9.831520e-028 1.000000e-030 2.527230e-249 1.000000e-030 1.000000e-030 1.000000e-030 1.000000e-030 1.000000e-030 1.000000e-030 1.000000e-030 1.000000e-030 1.000000e-030 1.000000e-030 1.000000e-030 1.000000e-030 1.000000e-030 1.000000e-030 1.000000e-030 1.000000e-030 1.000000e-030 1.000000e-030 1.000000e-030 1.000000e-030 
1.000000e-030 1.000000e-030 7.107875e-020 1.000000e-030 1.000000e-030 1.000000e-030 1.000000e-030 1.000000e-030 1.000000e-030 5.000000e-001 1.000000e-030 5.000000e-001 1.000000e-030 1.000000e-030 1.000000e-030 1.000000e-030 1.000000e-030 1.000000e-030 1.000000e-030 1.000000e-030 1.000000e-030 1.000000e-030 1.000000e-030 1.000000e-030 1.000000e-030 1.000000e-030 1.000000e-030 1.000000e-030 1.000000e-030 1.000000e-030 1.000000e-030 1.000000e-030 
1.000000e-030 7.605346e-002 9.239465e-001 1.000000e-030 3.641224e-180 1.000000e-030 1.000000e-030 1.000000e-030 1.000000e-030 1.507421e-099 1.000000e-030 4.628456e-017 1.000000e-030 1.000000e-030 1.000000e-030 1.000000e-030 1.000000e-030 1.000000e-030 1.000000e-030 1.000000e-030 1.000000e-030 1.000000e-030 1.000000e-030 1.000000e-030 1.000000e-030 1.000000e-030 1.000000e-030 1.000000e-030 1.000000e-030 1.000000e-030 1.000000e-030 1.000000e-030 
1.000000e-030 6.412260e-026 6.270560e-001 1.000000e-030 5.148499e-054 1.293499e-082 1.000000e-030 1.000000e-030 1.000000e-030 6.562395e-077 1.000000e-030 3.729440e-001 1.000000e-030 1.888660e-199 1.000000e-030 1.000000e-030 1.000000e-030 1.000000e-030 1.000000e-030 1.000000e-030 1.000000e-030 1.000000e-030 1.000000e-030 1.000000e-030 1.000000e-030 1.000000e-030 1.000000e-030 1.000000e-030 1.000000e-030 1.000000e-030 1.000000e-030 1.000000e-030 
1.000000e-030 3.381470e-240 3.867009e-001 1.000000e-030 2.541760e-001 2.824178e-002 1.000000e-030 1.000000e-030 1.000000e-030 2.824178e-002 1.000000e-030 1.614306e-001 1.000000e-030 2.824178e-002 1.000000e-030 1.000000e-030 1.000000e-030 1.000000e-030 1.000000e-030 1.000000e-030 1.000000e-030 1.000000e-030 1.000000e-030 1.000000e-030 1.000000e-030 1.000000e-030 1.000000e-030 1.129671e-001 1.000000e-030 1.000000e-030 1.000000e-030 1.000000e-030 
                             **************************************************************
Sample 15.......... 
P star:1.725037e-019 
 1   1   1   1   1   1   1   1   1   1   1   1   1   2   2   2   2   2   2   2   2   3   3   3   3   4   4   4   4   4   4   4   4   4   4   5   5   5   5   5   5   5   5   5   5   5   5   5   5   5   5   5   5   5   5   5   5   5   5   5  
Converged A matrix ......... 
0.887537 0.112463 0.000000 0.000000 0.000000 
0.000000 0.918299 0.081701 0.000000 0.000000 
0.000000 0.000000 0.714108 0.285892 0.000000 
0.000000 0.000000 0.000000 0.903574 0.096426 
0.000000 0.000000 0.000000 0.000000 1.000000 
Converged B matrix ......... 
1.000000e-030 1.000000e-030 3.595724e-001 1.000000e-030 1.000000e-030 1.000000e-030 1.000000e-030 1.000000e-030 1.000000e-030 5.045646e-167 1.000000e-030 6.404276e-001 1.000000e-030 1.000000e-030 1.000000e-030 1.000000e-030 1.000000e-030 1.000000e-030 1.000000e-030 1.000000e-030 1.000000e-030 1.000000e-030 1.000000e-030 1.000000e-030 1.000000e-030 1.000000e-030 1.000000e-030 7.043636e-020 1.000000e-030 1.000000e-030 1.000000e-030 1.000000e-030 
1.000000e-030 1.000000e-030 2.289879e-001 1.000000e-030 1.000000e-030 1.000000e-030 1.000000e-030 1.000000e-030 1.000000e-030 8.268572e-283 1.000000e-030 6.786393e-001 1.000000e-030 1.000000e-030 1.000000e-030 1.000000e-030 1.000000e-030 1.000000e-030 1.000000e-030 1.000000e-030 1.000000e-030 1.000000e-030 1.000000e-030 1.000000e-030 1.000000e-030 1.000000e-030 1.000000e-030 9.237279e-002 1.000000e-030 1.000000e-030 1.000000e-030 1.000000e-030 
1.000000e-030 1.000000e-030 8.545982e-008 1.000000e-030 1.000000e-030 1.000000e-030 1.000000e-030 1.000000e-030 1.000000e-030 7.363412e-070 1.000000e-030 3.086002e-060 1.000000e-030 1.000000e-030 1.000000e-030 1.000000e-030 1.000000e-030 1.000000e-030 1.000000e-030 1.000000e-030 1.000000e-030 1.000000e-030 1.000000e-030 1.000000e-030 1.000000e-030 1.000000e-030 1.000000e-030 9.999999e-001 1.000000e-030 1.000000e-030 1.000000e-030 1.000000e-030 
1.000000e-030 1.000000e-030 2.666150e-085 1.000000e-030 1.000000e-030 1.000000e-030 1.000000e-030 1.000000e-030 1.000000e-030 1.331400e-122 1.000000e-030 7.713203e-001 1.000000e-030 1.000000e-030 1.000000e-030 1.000000e-030 1.000000e-030 1.000000e-030 1.000000e-030 1.000000e-030 1.000000e-030 1.000000e-030 1.000000e-030 1.000000e-030 1.000000e-030 1.000000e-030 1.000000e-030 2.286797e-001 1.000000e-030 1.000000e-030 1.000000e-030 1.000000e-030 
1.000000e-030 1.000000e-030 8.800000e-001 1.000000e-030 1.000000e-030 1.000000e-030 1.000000e-030 1.000000e-030 1.000000e-030 4.000000e-002 1.000000e-030 8.000000e-002 1.000000e-030 1.000000e-030 1.000000e-030 1.000000e-030 1.000000e-030 1.000000e-030 1.000000e-030 1.000000e-030 1.000000e-030 1.000000e-030 1.000000e-030 1.000000e-030 1.000000e-030 1.000000e-030 1.000000e-030 2.396371e-068 1.000000e-030 1.000000e-030 1.000000e-030 1.000000e-030 
                             **************************************************************
Sample 16.......... 
P star:8.525102e-024 
 1   1   1   1   2   2   2   2   2   2   2   2   2   2   2   3   4   4   4   4   4   4   4   4   4   4   4   4   4   4   4   4   4   4   4   5   5   5   5   5   5   5   5   5   5   5   5   5   5   5   5   5   5   5   5   5   5   5   5   5  
Converged A matrix ......... 
0.855949 0.144051 0.000000 0.000000 0.000000 
0.000000 0.879106 0.120894 0.000000 0.000000 
0.000000 0.000000 0.563961 0.436039 0.000000 
0.000000 0.000000 0.000000 0.942299 0.057701 
0.000000 0.000000 0.000000 0.000000 1.000000 
Converged B matrix ......... 
1.000000e-030 1.000000e-030 7.277038e-001 1.000000e-030 1.000000e-030 1.000000e-030 1.000000e-030 1.000000e-030 1.000000e-030 1.000000e-030 1.000000e-030 2.722962e-001 1.000000e-030 1.000055e-208 1.000055e-208 1.000000e-030 1.000000e-030 1.000000e-030 1.000000e-030 1.000000e-030 1.000000e-030 1.000000e-030 1.000000e-030 1.000000e-030 1.000000e-030 1.000000e-030 1.000000e-030 1.000000e-030 1.000000e-030 1.000000e-030 1.000000e-030 1.000000e-030 
1.000000e-030 1.000000e-030 8.400053e-001 1.000000e-030 1.000000e-030 1.000000e-030 1.000000e-030 1.000000e-030 1.000000e-030 1.000000e-030 1.000000e-030 1.599947e-001 1.000000e-030 1.000000e-030 1.059646e-202 1.000000e-030 1.000000e-030 1.000000e-030 1.000000e-030 1.000000e-030 1.000000e-030 1.000000e-030 1.000000e-030 1.000000e-030 1.000000e-030 1.000000e-030 1.000000e-030 1.000000e-030 1.000000e-030 1.000000e-030 1.000000e-030 1.000000e-030 
1.000000e-030 1.000000e-030 1.002428e-045 1.000000e-030 1.000000e-030 1.000000e-030 1.000000e-030 1.000000e-030 1.000000e-030 1.000000e-030 1.000000e-030 1.000000e+000 1.000000e-030 2.619708e-108 3.786948e-028 1.000000e-030 1.000000e-030 1.000000e-030 1.000000e-030 1.000000e-030 1.000000e-030 1.000000e-030 1.000000e-030 1.000000e-030 1.000000e-030 1.000000e-030 1.000000e-030 1.000000e-030 1.000000e-030 1.000000e-030 1.000000e-030 1.000000e-030 
1.000000e-030 1.000000e-030 1.418587e-168 1.000000e-030 1.501217e-025 1.000000e-030 1.000000e-030 1.000000e-030 1.000000e-030 1.000000e-030 1.000000e-030 6.537963e-001 1.000000e-030 5.770062e-002 1.154012e-001 1.000000e-030 1.000000e-030 1.000000e-030 1.000000e-030 1.000000e-030 1.000000e-030 1.000000e-030 1.000000e-030 1.000000e-030 1.000000e-030 1.000000e-030 1.000000e-030 1.731019e-001 1.000000e-030 1.000000e-030 1.000000e-030 1.000000e-030 
1.000000e-030 1.000000e-030 7.948468e-001 1.000000e-030 7.948468e-002 1.000000e-030 1.000000e-030 1.000000e-030 1.000000e-030 3.974234e-002 1.000000e-030 8.592613e-002 1.000000e-030 1.000000e-030 1.000000e-030 1.000000e-030 1.000000e-030 1.000000e-030 1.000000e-030 1.000000e-030 1.000000e-030 1.000000e-030 1.000000e-030 1.000000e-030 1.000000e-030 1.000000e-030 1.000000e-030 8.459095e-232 1.000000e-030 1.000000e-030 1.000000e-030 1.000000e-030 
                             **************************************************************
Sample 17.......... 
P star:2.973346e-033 
 1   1   1   2   2   2   2   3   3   3   3   3   3   3   3   3   3   3   3   3   4   4   4   4   5   5   5   5   5   5   5   5   5   5   5   5   5   5   5   5   5   5   5   5   5   5   5   5   5   5   5   5   5   5   5   5   5   5   5   5  
Converged A matrix ......... 
0.753847 0.246153 0.000000 0.000000 0.000000 
0.000000 0.873377 0.126623 0.000000 0.000000 
0.000000 0.000000 0.875622 0.124378 0.000000 
0.000000 0.000000 0.000000 0.744642 0.255358 
0.000000 0.000000 0.000000 0.000000 1.000000 
Converged B matrix ......... 
1.000000e-030 1.000000e-030 7.538474e-001 1.000000e-030 1.000000e-030 1.000000e-030 1.000000e-030 1.000000e-030 1.000000e-030 2.461526e-001 1.000000e-030 4.605025e-022 1.000000e-030 1.000000e-030 1.000000e-030 1.000000e-030 1.000000e-030 1.000000e-030 1.000000e-030 1.000000e-030 1.000000e-030 1.000000e-030 1.000000e-030 1.000000e-030 1.000000e-030 1.000000e-030 1.000000e-030 2.700253e-303 1.000000e-030 1.000000e-030 1.000000e-030 1.000000e-030 
1.000000e-030 1.000000e-030 8.725270e-001 1.000000e-030 1.000000e-030 1.000000e-030 1.000000e-030 1.000000e-030 1.000000e-030 1.691215e-025 1.000000e-030 1.274730e-001 1.000000e-030 1.000000e-030 1.000000e-030 1.000000e-030 1.000000e-030 1.000000e-030 1.000000e-030 1.000000e-030 1.000000e-030 1.000000e-030 1.000000e-030 1.000000e-030 1.000000e-030 1.000000e-030 1.000000e-030 1.000000e-030 1.000000e-030 1.000000e-030 1.000000e-030 1.000000e-030 
1.000000e-030 1.000000e-030 8.764571e-001 1.000000e-030 7.434659e-286 1.000000e-030 1.000000e-030 1.000000e-030 1.000000e-030 6.230875e-075 1.000000e-030 1.235429e-001 1.000000e-030 1.000000e-030 1.000000e-030 1.000000e-030 1.000000e-030 1.000000e-030 1.000000e-030 1.000000e-030 1.000000e-030 1.000000e-030 1.000000e-030 1.000000e-030 1.000000e-030 1.000000e-030 1.000000e-030 1.648023e-139 1.000000e-030 1.000000e-030 1.000000e-030 1.000000e-030 
1.000000e-030 1.000000e-030 6.632126e-063 1.000000e-030 3.837942e-257 1.000000e-030 1.000000e-030 1.000000e-030 1.000000e-030 1.000000e+000 1.000000e-030 1.092759e-027 1.000000e-030 1.000000e-030 1.000000e-030 1.000000e-030 1.000000e-030 1.000000e-030 1.000000e-030 1.000000e-030 1.000000e-030 1.000000e-030 1.000000e-030 1.000000e-030 1.000000e-030 1.000000e-030 1.000000e-030 6.712100e-172 1.000000e-030 1.000000e-030 1.000000e-030 1.000000e-030 
1.000000e-030 1.000000e-030 3.048448e-001 1.000000e-030 5.542633e-002 1.000000e-030 1.000000e-030 1.000000e-030 1.000000e-030 5.775239e-002 1.000000e-030 3.325580e-001 1.000000e-030 1.000000e-030 1.000000e-030 1.000000e-030 1.000000e-030 1.000000e-030 1.000000e-030 1.000000e-030 1.000000e-030 1.000000e-030 1.000000e-030 1.000000e-030 1.000000e-030 2.771316e-002 2.771316e-002 1.939922e-001 1.000000e-030 1.000000e-030 1.000000e-030 1.000000e-030 
                             **************************************************************
Sample 18.......... 
P star:5.267666e-019 
 1   2   2   2   2   2   2   2   2   2   2   2   2   2   2   3   3   4   4   4   4   4   4   4   4   4   4   4   4   4   4   4   4   4   4   4   4   4   4   4   5   5   5   5   5   5   5   5   5   5   5   5   5   5   5   5   5   5   5   5  
Converged A matrix ......... 
0.793276 0.206724 0.000000 0.000000 0.000000 
0.000000 0.901600 0.098400 0.000000 0.000000 
0.000000 0.000000 0.500000 0.500000 0.000000 
0.000000 0.000000 0.000000 0.956522 0.043478 
0.000000 0.000000 0.000000 0.000000 1.000000 
Converged B matrix ......... 
1.000000e-030 1.000000e-030 9.999995e-001 1.000000e-030 1.000000e-030 1.000000e-030 1.000000e-030 1.000000e-030 1.000000e-030 1.806456e-223 1.000000e-030 4.504402e-007 1.000000e-030 1.000000e-030 1.000000e-030 1.000000e-030 1.000000e-030 1.000000e-030 1.000000e-030 1.000000e-030 1.000000e-030 1.000000e-030 1.000000e-030 1.000000e-030 1.000000e-030 1.000000e-030 1.000000e-030 1.000000e-030 1.000000e-030 1.000000e-030 1.000000e-030 1.000000e-030 
1.000000e-030 1.000000e-030 9.016005e-001 1.000000e-030 1.000000e-030 1.000000e-030 1.000000e-030 1.000000e-030 1.000000e-030 9.490252e-075 1.000000e-030 9.839954e-002 1.000000e-030 6.324040e-322 1.000000e-030 1.000000e-030 1.000000e-030 1.000000e-030 1.000000e-030 1.000000e-030 1.000000e-030 1.000000e-030 1.000000e-030 1.000000e-030 1.000000e-030 1.000000e-030 1.000000e-030 1.000000e-030 1.000000e-030 1.000000e-030 1.000000e-030 1.000000e-030 
1.000000e-030 1.000000e-030 1.151667e-050 1.000000e-030 1.000000e-030 1.000000e-030 1.000000e-030 1.000000e-030 1.000000e-030 1.000000e+000 1.000000e-030 3.126659e-045 1.000000e-030 7.349786e-163 1.000000e-030 1.000000e-030 1.000000e-030 1.000000e-030 1.000000e-030 1.000000e-030 1.000000e-030 1.000000e-030 1.000000e-030 1.000000e-030 1.000000e-030 1.000000e-030 1.000000e-030 1.000000e-030 1.000000e-030 1.000000e-030 1.000000e-030 1.000000e-030 
1.000000e-030 1.000000e-030 6.399789e-134 1.000000e-030 8.695652e-002 1.000000e-030 1.000000e-030 1.000000e-030 1.000000e-030 1.815546e-107 1.000000e-030 7.391304e-001 1.000000e-030 8.695652e-002 1.000000e-030 1.000000e-030 1.000000e-030 1.000000e-030 1.000000e-030 1.000000e-030 1.000000e-030 1.000000e-030 1.000000e-030 1.000000e-030 1.000000e-030 1.000000e-030 1.000000e-030 8.695652e-002 1.000000e-030 1.000000e-030 1.000000e-030 1.000000e-030 
1.000000e-030 5.000000e-002 9.000000e-001 1.000000e-030 9.984479e-024 1.000000e-030 1.000000e-030 1.000000e-030 1.000000e-030 5.000000e-002 1.000000e-030 2.436105e-290 1.000000e-030 1.000000e-030 1.000000e-030 1.000000e-030 1.000000e-030 1.000000e-030 1.000000e-030 1.000000e-030 1.000000e-030 1.000000e-030 1.000000e-030 1.000000e-030 1.000000e-030 1.000000e-030 1.000000e-030 1.000000e-030 1.000000e-030 1.000000e-030 1.000000e-030 1.000000e-030 
                             **************************************************************
Sample 19.......... 
P star:3.189176e-037 
 1   1   1   1   2   2   2   2   2   2   2   2   2   3   3   3   4   4   4   4   4   4   4   4   4   5   5   5   5   5   5   5   5   5   5   5   5   5   5   5   5   5   5   5   5   5   5   5   5   5   5   5   5   5   5   5   5   5   5   5  
Converged A matrix ......... 
0.750000 0.250000 0.000000 0.000000 0.000000 
0.000000 0.887098 0.112902 0.000000 0.000000 
0.000000 0.000000 0.681810 0.318190 0.000000 
0.000000 0.000000 0.000000 0.871579 0.128421 
0.000000 0.000000 0.000000 0.000000 1.000000 
Converged B matrix ......... 
1.000000e-030 1.000000e-030 2.500000e-001 1.000000e-030 1.907657e-194 1.000000e-030 1.000000e-030 1.000000e-030 1.000000e-030 1.000000e-030 1.000000e-030 3.405300e-046 1.000000e-030 1.000000e-030 1.000000e-030 1.000000e-030 1.000000e-030 1.000000e-030 1.000000e-030 1.000000e-030 1.000000e-030 1.000000e-030 1.000000e-030 1.000000e-030 1.000000e-030 1.000000e-030 1.000000e-030 7.500000e-001 4.731210e-165 1.000000e-030 1.000000e-030 1.000000e-030 
1.000000e-030 1.000000e-030 1.129022e-001 1.000000e-030 2.096849e-001 1.000000e-030 1.000000e-030 1.000000e-030 1.000000e-030 1.000000e-030 1.000000e-030 5.645108e-001 1.000000e-030 1.000000e-030 1.000000e-030 1.000000e-030 1.000000e-030 1.000000e-030 1.000000e-030 1.000000e-030 1.000000e-030 1.000000e-030 1.000000e-030 1.000000e-030 1.000000e-030 1.000000e-030 1.000000e-030 6.691614e-035 1.129022e-001 1.000000e-030 1.000000e-030 1.000000e-030 
1.000000e-030 1.000000e-030 1.810640e-026 1.000000e-030 4.542896e-002 1.000000e-030 1.000000e-030 1.000000e-030 1.000000e-030 1.000000e-030 1.000000e-030 3.362457e-027 1.000000e-030 1.000000e-030 1.000000e-030 1.000000e-030 1.000000e-030 1.000000e-030 1.000000e-030 1.000000e-030 1.000000e-030 1.000000e-030 1.000000e-030 1.000000e-030 1.000000e-030 1.000000e-030 1.000000e-030 6.363807e-001 3.181903e-001 4.354857e-284 1.000000e-030 1.000000e-030 
1.000000e-030 1.000000e-030 1.323808e-001 1.000000e-030 1.284205e-001 1.000000e-030 1.000000e-030 1.000000e-030 1.000000e-030 1.000000e-030 1.000000e-030 6.107782e-001 1.000000e-030 1.000000e-030 1.000000e-030 1.000000e-030 1.000000e-030 1.000000e-030 1.000000e-030 1.000000e-030 1.000000e-030 1.000000e-030 1.000000e-030 1.000000e-030 1.000000e-030 1.000000e-030 1.000000e-030 5.773283e-024 1.162100e-053 1.284205e-001 1.000000e-030 2.825196e-145 
1.000000e-030 1.000000e-030 8.199140e-002 1.000000e-030 4.418293e-001 1.000000e-030 1.000000e-030 1.000000e-030 1.000000e-030 1.000000e-030 1.000000e-030 2.552647e-001 1.000000e-030 1.000000e-030 1.000000e-030 1.000000e-030 1.000000e-030 1.000000e-030 1.000000e-030 1.000000e-030 1.000000e-030 1.000000e-030 1.000000e-030 1.000000e-030 1.000000e-030 1.000000e-030 1.000000e-030 1.656860e-001 2.761433e-002 1.445415e-146 1.000000e-030 2.761433e-002 
                             **************************************************************
Sample 20.......... 
P star:1.167612e-029 
 1   1   1   2   2   2   2   2   2   2   2   2   2   3   3   3   3   3   3   3   3   3   3   4   4   4   4   4   5   5   5   5   5   5   5   5   5   5   5   5   5   5   5   5   5   5   5   5   5   5   5   5   5   5   5   5   5   5   5   5  
Converged A matrix ......... 
0.666457 0.333543 0.000000 0.000000 0.000000 
0.000000 0.893423 0.106577 0.000000 0.000000 
0.000000 0.000000 0.895759 0.104241 0.000000 
0.000000 0.000000 0.000000 0.814446 0.185554 
0.000000 0.000000 0.000000 0.000000 1.000000 
Converged B matrix ......... 
1.000000e-030 1.000000e-030 6.205178e-060 1.000000e-030 1.000000e-030 1.000000e-030 1.000000e-030 1.000000e-030 1.000000e-030 3.332287e-001 1.000000e-030 3.332287e-001 1.000000e-030 1.000000e-030 1.000000e-030 1.000000e-030 1.000000e-030 1.000000e-030 1.000000e-030 1.000000e-030 1.000000e-030 1.000000e-030 1.000000e-030 1.000000e-030 1.000000e-030 1.000000e-030 1.000000e-030 3.335426e-001 1.000000e-030 1.000000e-030 1.000000e-030 1.000000e-030 
1.000000e-030 1.016206e-255 9.630234e-001 1.000000e-030 1.000000e-030 1.000000e-030 1.000000e-030 1.000000e-030 1.000000e-030 3.847611e-010 1.000000e-030 3.697661e-002 1.000000e-030 1.000000e-030 1.000000e-030 1.000000e-030 1.000000e-030 1.000000e-030 1.000000e-030 1.000000e-030 1.000000e-030 1.000000e-030 1.000000e-030 1.000000e-030 1.000000e-030 1.000000e-030 1.000000e-030 1.348540e-192 1.000000e-030 1.000000e-030 1.000000e-030 1.000000e-030 
1.000000e-030 1.602980e-254 7.638059e-001 1.000000e-030 1.000000e-030 1.000000e-030 1.000000e-030 1.000000e-030 1.000000e-030 1.042544e-001 1.000000e-030 1.319397e-001 1.000000e-030 1.000000e-030 1.000000e-030 1.000000e-030 1.000000e-030 1.000000e-030 1.000000e-030 1.000000e-030 1.000000e-030 1.000000e-030 1.000000e-030 1.000000e-030 1.000000e-030 1.000000e-030 1.000000e-030 1.000000e-030 1.000000e-030 1.000000e-030 1.000000e-030 1.000000e-030 
1.000000e-030 1.528617e-257 1.404858e-001 1.000000e-030 1.000000e-030 1.000000e-030 1.000000e-030 1.000000e-030 1.000000e-030 1.617924e-148 1.000000e-030 8.595142e-001 1.000000e-030 1.000000e-030 1.000000e-030 1.000000e-030 1.000000e-030 1.000000e-030 1.000000e-030 1.000000e-030 1.000000e-030 1.000000e-030 1.000000e-030 1.000000e-030 1.000000e-030 1.000000e-030 1.000000e-030 1.387469e-103 1.000000e-030 1.000000e-030 1.000000e-030 1.000000e-030 
1.000000e-030 3.064043e-002 3.639985e-001 1.000000e-030 1.000000e-030 1.000000e-030 1.000000e-030 1.000000e-030 1.000000e-030 6.130584e-002 1.000000e-030 3.295722e-001 1.000000e-030 1.000000e-030 1.000000e-030 1.000000e-030 1.000000e-030 1.000000e-030 1.000000e-030 1.000000e-030 1.000000e-030 1.000000e-030 1.000000e-030 1.000000e-030 1.000000e-030 1.000000e-030 1.000000e-030 2.144830e-001 1.000000e-030 1.000000e-030 1.000000e-030 1.000000e-030 
                             **************************************************************
