Sample 1.......... 
P star:3.642949e-027 
 1   1   1   1   1   1   1   1   1   1   2   2   2   2   2   2   2   2   2   2   2   2   2   2   2   3   4   4   4   4   4   4   4   4   4   4   5   5   5   5   5   5   5   5   5   5   5   5   5   5   5   5   5   5   5   5   5   5   5   5  
Converged A matrix ......... 
0.848269 0.151731 0.000000 0.000000 0.000000 
0.000000 0.945680 0.054320 0.000000 0.000000 
0.000000 0.000000 0.000000 1.000000 0.000000 
0.000000 0.000000 0.000000 0.899957 0.100043 
0.000000 0.000000 0.000000 0.000000 1.000000 
Converged B matrix ......... 
1.000000e-030 1.000000e-030 1.000000e+000 1.000000e-030 1.000000e-030 1.000000e-030 1.000000e-030 1.000000e-030 1.000000e-030 1.000000e-030 1.000000e-030 4.298864e-218 1.000000e-030 1.000000e-030 1.000000e-030 1.000000e-030 1.000000e-030 1.000000e-030 1.000000e-030 1.000000e-030 1.000000e-030 1.000000e-030 1.000000e-030 1.000000e-030 1.000000e-030 1.833262e-065 1.000000e-030 1.000000e-030 1.000000e-030 1.000000e-030 1.000000e-030 1.000000e-030 
1.000000e-030 1.000000e-030 7.827197e-001 1.000000e-030 1.000000e-030 1.000000e-030 1.000000e-030 1.000000e-030 1.000000e-030 1.000000e-030 1.000000e-030 1.086402e-001 1.000000e-030 1.000000e-030 1.000000e-030 1.000000e-030 1.000000e-030 1.000000e-030 1.000000e-030 1.000000e-030 1.000000e-030 1.000000e-030 1.000000e-030 1.000000e-030 1.000000e-030 1.086402e-001 1.000000e-030 1.000000e-030 1.000000e-030 1.000000e-030 1.000000e-030 1.000000e-030 
1.000000e-030 1.000000e-030 1.215759e-060 1.000000e-030 1.000000e+000 1.000000e-030 1.000000e-030 1.000000e-030 1.000000e-030 1.000000e-030 1.000000e-030 1.000000e-030 1.000000e-030 1.000000e-030 1.000000e-030 1.000000e-030 1.000000e-030 1.000000e-030 1.000000e-030 1.000000e-030 1.000000e-030 1.000000e-030 1.000000e-030 1.000000e-030 1.000000e-030 1.574002e-149 1.000000e-030 1.000000e-030 1.000000e-030 1.000000e-030 1.000000e-030 1.000000e-030 
1.000000e-030 1.000000e-030 1.478705e-091 1.000000e-030 1.216282e-061 1.000000e-030 1.000000e-030 1.000000e-030 1.000000e-030 1.000000e-030 1.000000e-030 1.000000e-030 1.000000e-030 1.000000e-030 1.000000e-030 1.000000e-030 1.000000e-030 1.000000e-030 1.000000e-030 1.000000e-030 9.961235e-002 3.001292e-001 3.001292e-001 3.001292e-001 1.755048e-094 1.914430e-180 1.000000e-030 1.000000e-030 1.000000e-030 1.000000e-030 1.000000e-030 1.000000e-030 
1.000000e-030 4.165919e-002 6.665471e-001 1.000000e-030 8.331839e-002 1.000000e-030 1.000000e-030 1.000000e-030 1.000000e-030 1.000000e-030 1.000000e-030 1.000000e-030 1.000000e-030 1.000000e-030 1.000000e-030 1.000000e-030 1.000000e-030 1.000000e-030 1.000000e-030 1.000000e-030 1.793600e-004 1.000000e-030 9.126401e-091 1.000000e-030 1.249776e-001 1.000000e-030 1.000000e-030 1.000000e-030 1.000000e-030 8.331839e-002 1.000000e-030 1.000000e-030 
                             **************************************************************
Sample 2.......... 
P star:1.924928e-043 
 1   1   1   1   1   2   2   2   2   2   2   2   3   3   3   3   4   4   4   4   4   4   4   4   4   4   4   4   5   5   5   5   5   5   5   5   5   5   5   5   5   5   5   5   5   5   5   5   5   5   5   5   5   5   5   5   5   5   5   5  
Converged A matrix ......... 
0.753106 0.246894 0.000000 0.000000 0.000000 
0.000000 0.858848 0.141152 0.000000 0.000000 
0.000000 0.000000 0.774309 0.225691 0.000000 
0.000000 0.000000 0.000000 0.919577 0.080423 
0.000000 0.000000 0.000000 0.000000 1.000000 
Converged B matrix ......... 
1.000000e-030 1.000000e-030 1.000000e-030 1.000000e-030 2.024899e-238 1.000000e-030 1.000000e-030 1.000000e-030 1.000000e-030 1.000000e-030 1.000000e-030 1.000000e+000 1.000000e-030 1.000000e-030 1.000000e-030 1.000000e-030 1.000000e-030 1.000000e-030 1.000000e-030 1.000000e-030 1.000000e-030 1.000000e-030 1.000000e-030 1.000000e-030 1.000000e-030 1.000000e-030 1.000000e-030 3.708174e-044 1.000000e-030 1.000000e-030 1.000000e-030 1.000000e-030 
1.000000e-030 1.000000e-030 1.000000e-030 1.000000e-030 2.381754e-001 1.000000e-030 1.000000e-030 1.000000e-030 1.000000e-030 1.000000e-030 1.000000e-030 4.795202e-001 1.000000e-030 1.000000e-030 1.000000e-030 1.000000e-030 1.000000e-030 1.000000e-030 1.000000e-030 1.000000e-030 1.000000e-030 1.000000e-030 1.000000e-030 1.000000e-030 1.000000e-030 1.000000e-030 1.000000e-030 2.823044e-001 2.411649e-074 1.000000e-030 1.000000e-030 1.000000e-030 
1.000000e-030 1.000000e-030 3.148707e-253 1.000000e-030 3.807847e-001 1.000000e-030 1.000000e-030 1.000000e-030 1.000000e-030 1.000000e-030 1.000000e-030 1.678325e-001 1.000000e-030 1.000000e-030 1.000000e-030 1.000000e-030 1.000000e-030 1.000000e-030 1.000000e-030 1.000000e-030 1.000000e-030 1.000000e-030 1.000000e-030 1.000000e-030 1.000000e-030 1.000000e-030 1.000000e-030 3.273694e-096 4.513828e-001 1.000000e-030 1.000000e-030 1.000000e-030 
1.000000e-030 1.000000e-030 8.042271e-002 1.000000e-030 2.111451e-001 1.000000e-030 1.000000e-030 1.000000e-030 1.000000e-030 1.000000e-030 1.000000e-030 5.475867e-001 1.000000e-030 1.000000e-030 1.000000e-030 1.000000e-030 1.000000e-030 1.000000e-030 1.000000e-030 1.000000e-030 1.000000e-030 1.084158e-041 1.000000e-030 1.000000e-030 1.000000e-030 1.000000e-030 1.000000e-030 1.355459e-309 1.649434e-141 1.000000e-030 1.608454e-001 1.000000e-030 
1.000000e-030 1.000000e-030 9.375000e-002 1.000000e-030 1.875000e-001 1.000000e-030 1.000000e-030 1.000000e-030 1.000000e-030 1.000000e-030 1.000000e-030 1.875000e-001 1.000000e-030 1.000000e-030 1.000000e-030 1.000000e-030 1.000000e-030 1.000000e-030 1.000000e-030 1.000000e-030 3.125000e-002 1.875000e-001 1.562500e-001 1.000000e-030 9.375000e-002 1.000000e-030 1.000000e-030 6.250000e-002 1.000000e-030 1.000000e-030 4.139041e-067 1.000000e-030 
                             **************************************************************
Sample 3.......... 
P star:1.165163e-033 
 1   1   2   2   2   2   2   2   2   2   2   2   2   2   2   2   2   2   3   3   3   3   3   3   3   3   3   3   3   4   4   4   4   4   4   4   5   5   5   5   5   5   5   5   5   5   5   5   5   5   5   5   5   5   5   5   5   5   5   5  
Converged A matrix ......... 
0.685620 0.314380 0.000000 0.000000 0.000000 
0.000000 0.909247 0.090753 0.000000 0.000000 
0.000000 0.000000 0.914724 0.085276 0.000000 
0.000000 0.000000 0.000000 0.900782 0.099218 
0.000000 0.000000 0.000000 0.000000 1.000000 
Converged B matrix ......... 
1.000000e-030 1.765109e-170 6.856198e-001 3.180964e-170 1.000000e-030 1.000000e-030 1.000000e-030 1.000000e-030 1.000000e-030 3.804955e-110 1.000000e-030 3.143802e-001 1.000000e-030 1.000000e-030 1.000000e-030 1.000000e-030 1.000000e-030 1.000000e-030 1.000000e-030 1.000000e-030 1.000000e-030 1.000000e-030 1.000000e-030 1.000000e-030 1.000000e-030 1.000000e-030 1.000000e-030 1.000000e-030 1.000000e-030 1.000000e-030 1.000000e-030 1.000000e-030 
1.000000e-030 1.219798e-110 9.092468e-001 1.331178e-082 7.045830e-289 1.000000e-030 1.000000e-030 1.000000e-030 1.000000e-030 9.075320e-002 1.000000e-030 8.235110e-079 1.000000e-030 1.000000e-030 1.000000e-030 1.000000e-030 1.000000e-030 1.000000e-030 1.000000e-030 1.000000e-030 1.000000e-030 1.000000e-030 1.000000e-030 1.000000e-030 1.000000e-030 1.000000e-030 1.000000e-030 1.000000e-030 1.000000e-030 1.000000e-030 1.000000e-030 1.000000e-030 
1.000000e-030 8.527565e-002 8.294487e-001 8.527565e-002 1.904145e-218 1.000000e-030 1.000000e-030 1.000000e-030 1.000000e-030 4.159162e-039 1.000000e-030 1.000000e-030 1.000000e-030 1.000000e-030 1.000000e-030 1.000000e-030 1.000000e-030 1.000000e-030 1.000000e-030 1.000000e-030 1.000000e-030 1.000000e-030 1.000000e-030 1.000000e-030 1.000000e-030 1.000000e-030 1.000000e-030 1.000000e-030 1.000000e-030 3.487493e-288 1.000000e-030 1.000000e-030 
1.000000e-030 1.046546e-131 7.018284e-001 3.258733e-160 9.921849e-002 1.000000e-030 1.000000e-030 1.000000e-030 3.639877e-047 9.921849e-002 1.000000e-030 9.921849e-002 1.000000e-030 1.000000e-030 1.000000e-030 1.000000e-030 1.000000e-030 1.000000e-030 6.347188e-203 1.000000e-030 1.000000e-030 1.000000e-030 1.000000e-030 1.000000e-030 1.000000e-030 1.000000e-030 1.000000e-030 1.000000e-030 1.000000e-030 5.161002e-004 1.000000e-030 1.000000e-030 
1.000000e-030 1.366879e-267 1.667028e-001 4.167570e-002 1.639130e-020 1.000000e-030 1.000000e-030 1.000000e-030 4.167570e-002 3.813240e-232 1.000000e-030 1.250271e-001 1.000000e-030 1.000000e-030 1.000000e-030 1.000000e-030 1.000000e-030 1.000000e-030 3.334056e-001 1.000000e-030 1.000000e-030 1.000000e-030 4.167570e-002 1.667028e-001 1.000000e-030 1.000000e-030 1.000000e-030 1.000000e-030 1.000000e-030 8.313462e-002 1.000000e-030 1.000000e-030 
                             **************************************************************
Sample 4.......... 
P star:1.111204e-028 
 1   1   1   1   1   1   1   1   1   1   1   1   1   1   1   1   1   2   2   2   2   2   2   2   2   2   2   3   3   3   3   3   3   4   4   4   4   4   4   4   4   4   4   4   4   4   5   5   5   5   5   5   5   5   5   5   5   5   5   5  
Converged A matrix ......... 
0.942475 0.057525 0.000000 0.000000 0.000000 
0.000000 0.892287 0.107713 0.000000 0.000000 
0.000000 0.000000 0.834278 0.165722 0.000000 
0.000000 0.000000 0.000000 0.924831 0.075169 
0.000000 0.000000 0.000000 0.000000 1.000000 
Converged B matrix ......... 
1.000000e-030 2.304926e-001 6.866857e-001 1.000000e-030 1.000000e-030 1.000000e-030 1.000000e-030 1.000000e-030 1.000000e-030 8.282166e-002 1.000000e-030 1.000000e-030 1.000000e-030 1.000000e-030 1.000000e-030 1.000000e-030 1.000000e-030 1.000000e-030 1.000000e-030 1.000000e-030 1.000000e-030 1.000000e-030 1.000000e-030 1.000000e-030 1.000000e-030 4.845425e-066 1.000000e-030 1.000000e-030 1.000000e-030 1.000000e-030 1.000000e-030 1.000000e-030 
1.000000e-030 1.736118e-037 7.242454e-001 1.000000e-030 1.000000e-030 1.000000e-030 1.000000e-030 1.000000e-030 1.000000e-030 2.757546e-001 1.000000e-030 1.000000e-030 1.000000e-030 1.000000e-030 1.000000e-030 1.000000e-030 1.000000e-030 1.000000e-030 1.000000e-030 1.000000e-030 1.000000e-030 1.000000e-030 1.000000e-030 1.000000e-030 1.000000e-030 7.406081e-041 1.000000e-030 1.000000e-030 1.000000e-030 1.000000e-030 1.000000e-030 1.000000e-030 
1.000000e-030 7.662785e-001 2.337215e-001 1.000000e-030 3.293809e-156 1.000000e-030 1.000000e-030 1.000000e-030 1.000000e-030 1.968898e-118 1.000000e-030 1.000000e-030 1.000000e-030 1.000000e-030 1.000000e-030 1.000000e-030 1.000000e-030 1.000000e-030 1.000000e-030 1.000000e-030 1.000000e-030 1.000000e-030 1.000000e-030 3.293809e-156 1.000000e-030 9.847870e-156 1.000000e-030 1.000000e-030 1.000000e-030 3.293809e-156 1.000000e-030 1.000000e-030 
1.000000e-030 1.029269e-001 7.463188e-001 1.000000e-030 4.056237e-004 1.000000e-030 1.000000e-030 1.000000e-030 1.000000e-030 7.517966e-002 1.000000e-030 1.000000e-030 1.000000e-030 1.000000e-030 1.000000e-030 1.000000e-030 1.000000e-030 1.000000e-030 1.494018e-156 1.000000e-030 1.000000e-030 1.000000e-030 1.000000e-030 1.000000e-030 1.000000e-030 7.516899e-002 1.000000e-030 1.000000e-030 1.000000e-030 2.329448e-179 1.000000e-030 1.000000e-030 
1.000000e-030 1.000000e-030 3.350530e-098 1.000000e-030 7.107053e-002 1.000000e-030 1.000000e-030 1.000000e-030 1.000000e-030 1.000000e-030 1.000000e-030 1.000000e-030 1.000000e-030 1.000000e-030 1.000000e-030 1.000000e-030 1.000000e-030 1.000000e-030 7.145611e-002 1.000000e-030 1.000000e-030 5.716489e-001 1.429122e-001 7.145611e-002 1.000000e-030 1.000000e-030 1.000000e-030 1.000000e-030 1.000000e-030 7.145611e-002 1.000000e-030 1.000000e-030 
                             **************************************************************
Sample 5.......... 
P star:1.339138e-031 
 1   1   1   2   2   2   2   2   2   2   2   2   2   2   2   2   2   2   2   2   2   2   2   3   4   4   4   4   4   4   4   4   4   4   4   4   4   4   5   5   5   5   5   5   5   5   5   5   5   5   5   5   5   5   5   5   5   5   5   5  
Converged A matrix ......... 
0.868431 0.131569 0.000000 0.000000 0.000000 
0.000000 0.923307 0.076693 0.000000 0.000000 
0.000000 0.000000 0.850835 0.149165 0.000000 
0.000000 0.000000 0.000000 0.906174 0.093826 
0.000000 0.000000 0.000000 0.000000 1.000000 
Converged B matrix ......... 
1.000000e-030 2.530117e-317 8.684308e-001 8.997942e-098 1.000000e-030 1.000000e-030 1.000000e-030 1.000000e-030 1.000000e-030 1.000000e-030 1.000000e-030 1.315692e-001 1.000000e-030 1.000000e-030 1.000000e-030 1.000000e-030 1.000000e-030 1.000000e-030 1.000000e-030 1.000000e-030 1.000000e-030 1.000000e-030 1.000000e-030 1.000000e-030 1.000000e-030 1.000000e-030 1.000000e-030 1.000000e-030 1.000000e-030 1.000000e-030 1.000000e-030 1.000000e-030 
1.000000e-030 2.063730e-017 9.233073e-001 7.669274e-002 1.000000e-030 1.000000e-030 1.000000e-030 1.000000e-030 1.516872e-135 1.000000e-030 1.000000e-030 3.979091e-068 1.000000e-030 1.000000e-030 1.000000e-030 1.000000e-030 1.000000e-030 1.000000e-030 1.588764e-222 1.664063e-309 1.000000e-030 3.226954e-251 1.000000e-030 1.564429e-193 1.000000e-030 1.000000e-030 1.000000e-030 1.000000e-030 1.000000e-030 2.914722e-135 1.000000e-030 1.000000e-030 
1.000000e-030 1.491648e-001 8.508352e-001 9.917569e-013 1.000000e-030 1.000000e-030 1.000000e-030 1.000000e-030 1.106333e-119 1.000000e-030 1.000000e-030 1.000000e-030 1.000000e-030 1.000000e-030 1.000000e-030 1.000000e-030 1.000000e-030 1.000000e-030 4.844912e-178 3.971285e-265 1.000000e-030 4.534203e-207 1.000000e-030 5.176912e-149 1.000000e-030 1.000000e-030 1.000000e-030 1.000000e-030 1.000000e-030 5.531663e-120 1.000000e-030 1.000000e-030 
1.000000e-030 1.797601e-027 9.998463e-001 7.493012e-154 1.000000e-030 1.000000e-030 1.000000e-030 1.000000e-030 6.381623e-185 1.000000e-030 1.000000e-030 1.000000e-030 1.000000e-030 1.000000e-030 1.000000e-030 1.000000e-030 1.000000e-030 1.000000e-030 6.724328e-149 3.039473e-235 1.000000e-030 9.749673e-178 1.000000e-030 3.479465e-120 1.000000e-030 1.000000e-030 1.000000e-030 1.000000e-030 1.000000e-030 1.536782e-004 1.000000e-030 1.000000e-030 
1.000000e-030 1.000000e-030 1.172432e-130 1.000000e-030 9.091586e-002 1.000000e-030 1.000000e-030 1.000000e-030 9.091586e-002 1.000000e-030 1.000000e-030 1.363738e-001 1.000000e-030 4.545793e-002 1.000000e-030 1.000000e-030 1.000000e-030 1.000000e-030 9.091586e-002 4.545793e-002 4.545793e-002 9.091586e-002 9.091586e-002 1.818317e-001 1.000000e-030 1.000000e-030 1.000000e-030 1.000000e-030 1.000000e-030 9.084140e-002 1.000000e-030 1.000000e-030 
                             **************************************************************
Sample 6.......... 
P star:1.813529e-038 
 1   2   2   2   2   2   2   2   2   2   2   2   2   2   3   3   3   3   3   3   3   3   3   3   3   4   4   4   4   4   4   4   4   4   4   4   5   5   5   5   5   5   5   5   5   5   5   5   5   5   5   5   5   5   5   5   5   5   5   5  
Converged A matrix ......... 
0.000000 1.000000 0.000000 0.000000 0.000000 
0.000000 0.921910 0.078090 0.000000 0.000000 
0.000000 0.000000 0.902326 0.097674 0.000000 
0.000000 0.000000 0.000000 0.911671 0.088329 
0.000000 0.000000 0.000000 0.000000 1.000000 
Converged B matrix ......... 
1.000000e-030 1.000000e-030 1.000000e-030 1.000000e+000 1.000000e-030 1.000000e-030 1.000000e-030 1.000000e-030 1.000000e-030 1.000000e-030 1.000000e-030 1.000000e-030 1.000000e-030 1.000000e-030 1.000000e-030 1.000000e-030 1.000000e-030 1.000000e-030 1.000000e-030 1.000000e-030 1.000000e-030 1.000000e-030 1.000000e-030 1.000000e-030 1.000000e-030 1.000000e-030 1.000000e-030 1.000000e-030 1.000000e-030 1.000000e-030 1.000000e-030 1.000000e-030 
1.000000e-030 3.238336e-095 8.525719e-001 1.000000e-030 1.000000e-030 1.000000e-030 1.000000e-030 1.000000e-030 1.000000e-030 1.474281e-001 1.000000e-030 1.000000e-030 1.000000e-030 1.000000e-030 1.000000e-030 1.000000e-030 1.000000e-030 1.000000e-030 1.000000e-030 1.000000e-030 1.000000e-030 1.000000e-030 1.000000e-030 1.000000e-030 1.000000e-030 1.000000e-030 1.000000e-030 1.000000e-030 1.000000e-030 1.000000e-030 1.000000e-030 1.000000e-030 
1.000000e-030 6.194121e-001 3.696405e-001 2.817354e-101 1.000000e-030 1.000000e-030 2.499685e-246 1.000000e-030 1.124533e-217 1.094745e-002 1.000000e-030 1.124533e-217 1.000000e-030 1.000000e-030 1.000000e-030 1.000000e-030 1.000000e-030 1.000000e-030 3.430904e-305 1.000000e-030 1.000000e-030 1.000000e-030 9.260766e-276 1.000000e-030 1.000000e-030 6.871345e-130 1.000000e-030 1.000000e-030 1.000000e-030 1.000000e-030 1.000000e-030 1.000000e-030 
1.000000e-030 1.297597e-001 6.936075e-001 8.832207e-002 1.000000e-030 1.000000e-030 1.016944e-217 1.000000e-030 4.463900e-275 2.299403e-081 1.000000e-030 1.464560e-023 1.000000e-030 1.000000e-030 1.000000e-030 1.000000e-030 1.000000e-030 1.000000e-030 2.538534e-275 1.000000e-030 1.000000e-030 1.000000e-030 4.544468e-246 1.000000e-030 1.000000e-030 8.831068e-002 1.000000e-030 1.000000e-030 1.000000e-030 1.000000e-030 1.000000e-030 1.000000e-030 
1.000000e-030 8.887033e-002 1.804450e-001 4.059607e-002 4.059296e-002 1.000000e-030 4.059296e-002 1.000000e-030 4.059296e-002 1.000000e-030 1.000000e-030 8.118591e-002 1.000000e-030 1.000000e-030 1.000000e-030 1.000000e-030 1.000000e-030 1.000000e-030 2.435577e-001 1.000000e-030 1.000000e-030 1.000000e-030 4.059296e-002 1.217789e-001 1.000000e-030 4.060131e-002 1.000000e-030 1.000000e-030 1.000000e-030 4.059296e-002 1.000000e-030 1.000000e-030 
                             **************************************************************
Sample 7.......... 
P star:5.366749e-037 
 1   2   2   2   2   2   2   2   2   2   2   2   2   2   3   3   4   4   4   4   4   4   4   4   4   4   4   4   4   4   4   5   5   5   5   5   5   5   5   5   5   5   5   5   5   5   5   5   5   5   5   5   5   5   5   5   5   5   5   5  
Converged A matrix ......... 
0.000000 1.000000 0.000000 0.000000 0.000000 
0.000000 0.923077 0.076923 0.000000 0.000000 
0.000000 0.000000 0.500000 0.500000 0.000000 
0.000000 0.000000 0.000000 0.933333 0.066667 
0.000000 0.000000 0.000000 0.000000 1.000000 
Converged B matrix ......... 
1.000000e-030 1.000000e-030 1.000000e-030 1.000000e-030 1.000000e-030 1.000000e-030 1.000000e-030 1.000000e-030 1.000000e-030 1.000000e-030 1.000000e-030 1.000000e-030 1.000000e-030 1.000000e-030 1.000000e-030 1.000000e-030 1.000000e-030 1.000000e-030 1.000000e-030 1.000000e-030 1.000000e-030 1.000000e-030 1.000000e-030 1.000000e-030 1.000000e-030 1.000000e+000 1.000000e-030 1.000000e-030 1.000000e-030 1.000000e-030 1.000000e-030 1.000000e-030 
1.000000e-030 7.692308e-002 9.230769e-001 2.192014e-056 1.000000e-030 1.000000e-030 1.000000e-030 1.000000e-030 1.000000e-030 1.000000e-030 1.000000e-030 1.000000e-030 1.000000e-030 1.000000e-030 1.000000e-030 1.000000e-030 1.000000e-030 1.000000e-030 1.000000e-030 1.000000e-030 1.000000e-030 1.000000e-030 1.000000e-030 1.000000e-030 1.000000e-030 1.000000e-030 1.000000e-030 1.000000e-030 1.000000e-030 1.000000e-030 1.000000e-030 1.000000e-030 
1.000000e-030 3.773376e-127 4.144358e-020 5.000000e-001 1.000000e-030 1.000000e-030 1.000000e-030 1.000000e-030 1.000000e-030 5.000000e-001 1.000000e-030 1.000000e-030 1.000000e-030 1.000000e-030 1.000000e-030 1.000000e-030 1.000000e-030 1.000000e-030 1.000000e-030 1.000000e-030 1.000000e-030 1.000000e-030 1.000000e-030 1.000000e-030 1.000000e-030 1.000000e-030 1.000000e-030 1.000000e-030 1.000000e-030 1.000000e-030 1.000000e-030 1.000000e-030 
1.000000e-030 1.000000e-030 8.666665e-001 5.731691e-134 1.000000e-030 1.000000e-030 1.000000e-030 1.000000e-030 1.000000e-030 2.841370e-063 1.000000e-030 1.000000e-030 1.000000e-030 1.000000e-030 1.000000e-030 1.000000e-030 1.000000e-030 1.000000e-030 1.000000e-030 1.278756e-082 1.000000e-030 1.000000e-030 1.000000e-030 2.098326e-007 1.000000e-030 6.666665e-002 1.000000e-030 1.000000e-030 1.000000e-030 6.666665e-002 1.000000e-030 1.000000e-030 
1.000000e-030 5.569441e-200 2.758621e-001 8.879727e-169 3.448276e-002 1.000000e-030 1.000000e-030 1.000000e-030 1.000000e-030 6.896552e-002 1.000000e-030 1.034483e-001 1.000000e-030 1.000000e-030 1.000000e-030 6.896552e-002 1.000000e-030 1.000000e-030 1.000000e-030 1.724138e-001 3.448276e-002 6.896552e-002 6.896552e-002 6.896542e-002 1.000000e-030 3.448276e-002 1.000000e-030 1.000000e-030 1.000000e-030 1.745081e-010 1.000000e-030 1.000000e-030 
                             **************************************************************
Sample 8.......... 
P star:4.668656e-030 
 1   1   1   1   1   2   2   2   2   2   2   2   2   2   2   2   2   2   2   2   2   2   3   3   4   4   4   4   4   4   4   4   4   4   4   4   4   4   5   5   5   5   5   5   5   5   5   5   5   5   5   5   5   5   5   5   5   5   5   5  
Converged A matrix ......... 
0.886701 0.113299 0.000000 0.000000 0.000000 
0.000000 0.924092 0.075908 0.000000 0.000000 
0.000000 0.000000 0.500000 0.500000 0.000000 
0.000000 0.000000 0.000000 0.928571 0.071429 
0.000000 0.000000 0.000000 0.000000 1.000000 
Converged B matrix ......... 
1.000000e-030 1.000000e-030 8.867008e-001 1.132992e-001 1.000000e-030 1.000000e-030 1.000000e-030 1.000000e-030 1.000000e-030 1.000000e-030 1.000000e-030 1.000000e-030 1.000000e-030 1.000000e-030 1.000000e-030 1.000000e-030 1.000000e-030 1.000000e-030 1.000000e-030 1.000000e-030 1.000000e-030 1.000000e-030 1.000000e-030 1.000000e-030 1.000000e-030 8.081366e-031 1.000000e-030 1.000000e-030 1.000000e-030 1.000000e-030 1.000000e-030 1.000000e-030 
1.000000e-030 8.584449e-089 9.240918e-001 4.175294e-036 1.000000e-030 1.000000e-030 1.000000e-030 1.000000e-030 1.000000e-030 1.000000e-030 1.000000e-030 1.000000e-030 1.000000e-030 1.000000e-030 1.000000e-030 1.000000e-030 1.000000e-030 1.000000e-030 1.000000e-030 1.000000e-030 1.000000e-030 1.000000e-030 1.000000e-030 1.000000e-030 1.000000e-030 7.590819e-002 1.000000e-030 1.000000e-030 1.000000e-030 1.000000e-030 1.000000e-030 1.000000e-030 
1.000000e-030 1.000000e+000 3.355290e-018 3.339282e-225 1.000000e-030 1.000000e-030 1.000000e-030 1.000000e-030 1.000000e-030 1.000000e-030 1.000000e-030 1.000000e-030 1.000000e-030 1.000000e-030 1.000000e-030 1.000000e-030 1.000000e-030 1.000000e-030 1.000000e-030 1.000000e-030 1.000000e-030 1.000000e-030 1.000000e-030 1.000000e-030 1.000000e-030 8.980000e-153 1.000000e-030 1.000000e-030 1.000000e-030 1.000000e-030 1.000000e-030 1.000000e-030 
1.000000e-030 3.581404e-084 7.857143e-001 2.745722e-243 1.000000e-030 1.000000e-030 1.000000e-030 1.000000e-030 1.000000e-030 1.000000e-030 1.000000e-030 7.142857e-002 1.000000e-030 1.000000e-030 1.000000e-030 1.000000e-030 1.000000e-030 1.000000e-030 1.848361e-119 1.000000e-030 1.000000e-030 1.000000e-030 7.142857e-002 7.142857e-002 1.000000e-030 7.343585e-213 1.000000e-030 1.000000e-030 1.000000e-030 1.000000e-030 1.000000e-030 1.000000e-030 
1.000000e-030 4.523365e-249 1.363636e-001 2.119542e-321 1.000000e-030 1.000000e-030 1.000000e-030 1.000000e-030 1.000000e-030 1.000000e-030 1.000000e-030 2.272727e-001 1.000000e-030 1.000000e-030 1.000000e-030 1.000000e-030 1.000000e-030 1.000000e-030 2.727273e-001 1.818182e-001 9.090909e-002 4.545455e-002 3.950133e-014 1.616790e-165 4.545455e-002 5.032646e-284 1.000000e-030 1.000000e-030 1.000000e-030 1.000000e-030 1.000000e-030 1.000000e-030 
                             **************************************************************
Sample 9.......... 
P star:1.120692e-040 
 1   1   2   2   2   2   2   2   2   2   2   3   3   3   3   3   3   3   3   3   3   3   3   3   3   4   4   4   4   4   4   5   5   5   5   5   5   5   5   5   5   5   5   5   5   5   5   5   5   5   5   5   5   5   5   5   5   5   5   5  
Converged A matrix ......... 
0.500000 0.500000 0.000000 0.000000 0.000000 
0.000000 0.906015 0.093985 0.000000 0.000000 
0.000000 0.000000 0.919094 0.080906 0.000000 
0.000000 0.000000 0.000000 0.821353 0.178647 
0.000000 0.000000 0.000000 0.000000 1.000000 
Converged B matrix ......... 
1.000000e-030 2.788992e-236 8.110438e-032 5.000000e-001 1.000000e-030 1.000000e-030 1.000000e-030 1.000000e-030 1.000000e-030 1.078174e-265 1.000000e-030 1.000000e-030 1.000000e-030 1.000000e-030 1.000000e-030 1.000000e-030 1.000000e-030 1.000000e-030 1.000000e-030 1.000000e-030 1.000000e-030 1.000000e-030 1.000000e-030 1.000000e-030 1.000000e-030 5.000000e-001 1.000000e-030 1.000000e-030 1.000000e-030 1.000000e-030 1.000000e-030 1.000000e-030 
1.000000e-030 9.398516e-002 5.752890e-001 1.000000e-030 6.127058e-240 1.000000e-030 1.000000e-030 1.000000e-030 1.000000e-030 1.427555e-001 2.233770e-030 1.879703e-001 1.000000e-030 1.000000e-030 1.000000e-030 1.000000e-030 1.000000e-030 1.000000e-030 1.000000e-030 1.000000e-030 1.000000e-030 1.000000e-030 1.000000e-030 1.000000e-030 1.000000e-030 5.275512e-048 1.000000e-030 1.000000e-030 1.000000e-030 1.000000e-030 1.000000e-030 1.000000e-030 
1.000000e-030 5.960220e-260 7.992654e-001 1.000000e-030 1.879687e-037 1.000000e-030 1.000000e-030 1.000000e-030 1.000000e-030 1.198286e-001 8.090601e-002 3.841240e-025 1.000000e-030 1.000000e-030 1.000000e-030 1.000000e-030 1.000000e-030 1.000000e-030 1.000000e-030 1.000000e-030 1.000000e-030 1.000000e-030 1.000000e-030 1.000000e-030 4.419008e-305 1.000000e-030 1.000000e-030 1.000000e-030 1.000000e-030 3.924621e-067 1.000000e-030 1.000000e-030 
1.000000e-030 1.000000e-030 5.973451e-065 1.000000e-030 1.786475e-001 1.000000e-030 1.000000e-030 1.000000e-030 1.000000e-030 1.000000e-030 1.000000e-030 1.000000e-030 1.000000e-030 1.000000e-030 1.000000e-030 1.000000e-030 1.575209e-039 1.000000e-030 1.000000e-030 1.280167e-185 1.000000e-030 1.000000e-030 1.000000e-030 1.000000e-030 2.854102e-001 1.000000e-030 1.000000e-030 1.000000e-030 1.000000e-030 5.359424e-001 1.000000e-030 1.000000e-030 
1.000000e-030 1.000000e-030 4.081302e-001 6.802170e-002 6.802170e-002 1.000000e-030 1.000000e-030 1.000000e-030 1.000000e-030 1.000000e-030 1.000000e-030 6.802170e-002 1.000000e-030 1.000000e-030 1.000000e-030 6.802170e-002 3.401085e-002 1.000000e-030 1.000000e-030 1.360434e-001 6.802170e-002 1.000000e-030 1.000000e-030 1.000000e-030 8.170709e-002 1.000000e-030 1.000000e-030 1.000000e-030 1.000000e-030 5.577046e-192 1.000000e-030 1.000000e-030 
                             **************************************************************
Sample 10.......... 
P star:1.818954e-036 
 1   1   1   1   1   1   1   1   1   2   2   2   2   2   2   2   2   2   2   3   3   3   3   3   3   3   4   4   4   4   4   4   4   5   5   5   5   5   5   5   5   5   5   5   5   5   5   5   5   5   5   5   5   5   5   5   5   5   5   5  
Converged A matrix ......... 
0.894363 0.105637 0.000000 0.000000 0.000000 
0.000000 0.891833 0.108167 0.000000 0.000000 
0.000000 0.000000 0.858654 0.141346 0.000000 
0.000000 0.000000 0.000000 0.861376 0.138624 
0.000000 0.000000 0.000000 0.000000 1.000000 
Converged B matrix ......... 
1.000000e-030 3.169097e-001 6.830903e-001 1.000000e-030 1.329941e-307 1.000000e-030 1.000000e-030 6.659132e-308 1.000000e-030 9.075355e-065 1.000000e-030 1.000000e-030 1.000000e-030 1.000000e-030 1.000000e-030 1.000000e-030 1.000000e-030 1.000000e-030 1.000000e-030 1.000000e-030 1.000000e-030 1.000000e-030 1.000000e-030 1.000000e-030 1.000000e-030 1.000000e-030 1.000000e-030 1.000000e-030 1.000000e-030 1.000000e-030 1.000000e-030 1.000000e-030 
1.000000e-030 1.222461e-012 7.836706e-001 1.000000e-030 4.010634e-164 1.000000e-030 4.010634e-164 4.010634e-164 9.988204e-194 2.163294e-001 1.000000e-030 1.000000e-030 1.000000e-030 1.000000e-030 1.000000e-030 1.000000e-030 1.000000e-030 1.000000e-030 1.000000e-030 1.000000e-030 1.000000e-030 1.000000e-030 1.000000e-030 5.796728e-307 1.000000e-030 1.000000e-030 1.000000e-030 1.000000e-030 1.000000e-030 1.000000e-030 1.000000e-030 1.000000e-030 
1.000000e-030 5.653846e-001 1.821318e-001 1.000000e-030 1.111329e-001 1.000000e-030 1.025770e-264 5.415525e-132 5.240872e-164 1.413507e-001 1.000000e-030 1.000000e-030 1.000000e-030 1.000000e-030 1.000000e-030 1.000000e-030 1.000000e-030 1.000000e-030 1.000000e-030 1.000000e-030 1.000000e-030 1.000000e-030 1.000000e-030 4.592317e-252 1.000000e-030 1.000000e-030 1.000000e-030 1.000000e-030 1.000000e-030 1.000000e-030 1.000000e-030 1.000000e-030 
1.000000e-030 1.000000e-030 1.895927e-130 1.000000e-030 2.963120e-002 1.000000e-030 1.386241e-001 1.386241e-001 4.158723e-001 2.082202e-027 1.000000e-030 1.000000e-030 1.000000e-030 1.000000e-030 1.000000e-030 1.000000e-030 1.000000e-030 1.000000e-030 1.000000e-030 1.000000e-030 3.069256e-127 1.000000e-030 1.000000e-030 2.772482e-001 2.314881e-026 1.000000e-030 1.000000e-030 1.000000e-030 1.000000e-030 1.000000e-030 1.000000e-030 1.000000e-030 
1.000000e-030 1.000000e-030 4.814815e-001 1.000000e-030 7.407407e-002 1.000000e-030 1.000000e-030 1.000000e-030 1.000000e-030 3.703704e-002 1.000000e-030 1.111111e-001 1.000000e-030 1.000000e-030 1.000000e-030 1.000000e-030 1.000000e-030 1.000000e-030 1.000000e-030 1.000000e-030 3.703704e-002 1.000000e-030 1.000000e-030 1.064845e-073 1.481481e-001 1.000000e-030 1.000000e-030 1.000000e-030 1.000000e-030 1.111111e-001 1.000000e-030 1.000000e-030 
                             **************************************************************
Sample 11.......... 
P star:9.330139e-021 
 1   1   2   2   2   2   2   2   2   2   2   2   2   2   2   2   2   2   2   2   2   2   2   2   3   4   4   4   4   4   4   4   4   4   4   4   4   4   4   4   5   5   5   5   5   5   5   5   5   5   5   5   5   5   5   5   5   5   5   5  
Converged A matrix ......... 
0.654178 0.345822 0.000000 0.000000 0.000000 
0.000000 0.952625 0.047375 0.000000 0.000000 
0.000000 0.000000 0.000000 1.000000 0.000000 
0.000000 0.000000 0.000000 0.933333 0.066667 
0.000000 0.000000 0.000000 0.000000 1.000000 
Converged B matrix ......... 
1.000000e-030 1.000000e-030 6.541784e-001 1.000000e-030 1.000000e-030 1.000000e-030 1.000000e-030 1.000000e-030 1.000000e-030 2.556264e-312 1.000000e-030 1.000000e-030 1.000000e-030 1.000000e-030 1.000000e-030 1.000000e-030 1.000000e-030 1.000000e-030 1.000000e-030 1.000000e-030 1.000000e-030 1.000000e-030 1.000000e-030 1.000000e-030 1.000000e-030 3.458216e-001 1.000000e-030 1.000000e-030 1.000000e-030 1.000000e-030 1.000000e-030 1.000000e-030 
1.000000e-030 1.000000e-030 9.526254e-001 1.000000e-030 1.000000e-030 1.000000e-030 1.000000e-030 1.000000e-030 1.000000e-030 4.737465e-002 1.000000e-030 1.000000e-030 1.000000e-030 1.000000e-030 1.000000e-030 1.000000e-030 1.000000e-030 1.000000e-030 1.000000e-030 1.000000e-030 1.000000e-030 1.000000e-030 1.000000e-030 1.000000e-030 1.000000e-030 4.413652e-092 1.000000e-030 1.000000e-030 1.000000e-030 1.000000e-030 1.000000e-030 1.000000e-030 
1.000000e-030 1.000000e-030 1.028472e-060 1.000000e-030 1.000000e-030 1.000000e-030 1.000000e-030 1.000000e-030 1.000000e-030 1.000000e-030 1.000000e-030 1.000000e-030 1.000000e-030 1.000000e-030 1.000000e-030 1.000000e-030 1.000000e-030 1.000000e-030 1.000000e-030 1.000000e-030 1.000000e-030 1.000000e-030 1.000000e-030 1.000000e-030 1.000000e-030 1.000000e-030 1.000000e-030 1.000000e-030 1.000000e-030 1.000000e+000 1.000000e-030 1.000000e-030 
1.000000e-030 1.000000e-030 7.051699e-092 1.000000e-030 1.208604e-018 1.000000e-030 1.000000e-030 1.000000e-030 1.000000e-030 1.000000e-030 1.000000e-030 1.052828e-076 1.000000e-030 1.000000e-030 1.000000e-030 1.000000e-030 1.000000e-030 1.000000e-030 1.000000e-030 1.000000e-030 1.000000e-030 2.666667e-001 6.000000e-001 1.333333e-001 1.000000e-030 1.000000e-030 1.000000e-030 1.000000e-030 1.000000e-030 6.856481e-062 1.000000e-030 2.256061e-047 
1.000000e-030 1.000000e-030 7.000000e-001 1.000000e-030 5.000000e-002 1.000000e-030 1.000000e-030 1.000000e-030 1.000000e-030 1.000000e-030 1.000000e-030 2.000000e-001 1.000000e-030 1.000000e-030 1.000000e-030 1.000000e-030 1.000000e-030 1.000000e-030 1.000000e-030 1.000000e-030 1.000000e-030 1.000000e-030 4.678347e-286 1.214704e-038 1.000000e-030 1.000000e-030 1.000000e-030 1.000000e-030 1.000000e-030 1.000000e-030 1.000000e-030 5.000000e-002 
                             **************************************************************
Sample 12.......... 
P star:9.224165e-038 
 1   1   1   1   2   2   2   2   2   2   2   2   2   2   2   2   2   3   3   3   4   4   4   4   5   5   5   5   5   5   5   5   5   5   5   5   5   5   5   5   5   5   5   5   5   5   5   5   5   5   5   5   5   5   5   5   5   5   5   5  
Converged A matrix ......... 
0.782676 0.217324 0.000000 0.000000 0.000000 
0.000000 0.914951 0.085049 0.000000 0.000000 
0.000000 0.000000 0.725158 0.274842 0.000000 
0.000000 0.000000 0.000000 0.747606 0.252394 
0.000000 0.000000 0.000000 0.000000 1.000000 
Converged B matrix ......... 
1.000000e-030 4.346480e-001 5.653520e-001 1.287521e-151 7.526033e-299 1.000000e-030 1.000000e-030 1.000000e-030 1.000000e-030 3.967983e-016 1.000000e-030 1.000000e-030 1.000000e-030 1.000000e-030 1.000000e-030 1.000000e-030 1.000000e-030 1.000000e-030 1.000000e-030 1.000000e-030 1.000000e-030 1.000000e-030 1.000000e-030 1.000000e-030 1.000000e-030 4.686528e-269 1.000000e-030 1.000000e-030 1.000000e-030 1.000000e-030 1.000000e-030 1.000000e-030 
1.000000e-030 4.816076e-089 9.149508e-001 1.068749e-020 1.207815e-269 1.000000e-030 1.000000e-030 1.000000e-030 1.000000e-030 8.504920e-002 1.000000e-030 1.000000e-030 1.000000e-030 1.000000e-030 1.000000e-030 1.000000e-030 1.000000e-030 1.000000e-030 1.000000e-030 1.000000e-030 1.000000e-030 1.000000e-030 1.000000e-030 1.000000e-030 1.000000e-030 1.945815e-200 1.000000e-030 1.000000e-030 1.000000e-030 1.290221e-298 1.000000e-030 1.000000e-030 
1.000000e-030 5.134356e-067 4.509270e-001 2.748425e-001 2.023759e-269 1.000000e-030 1.000000e-030 1.000000e-030 8.041867e-298 4.858296e-050 1.000000e-030 1.000000e-030 1.000000e-030 1.000000e-030 1.000000e-030 1.000000e-030 1.000000e-030 1.000000e-030 1.000000e-030 1.000000e-030 1.000000e-030 1.000000e-030 1.000000e-030 1.000000e-030 1.000000e-030 2.742305e-001 1.000000e-030 1.000000e-030 1.000000e-030 5.926898e-269 1.000000e-030 1.000000e-030 
1.000000e-030 9.994380e-001 9.122604e-035 1.257176e-138 1.366066e-284 1.000000e-030 1.000000e-030 1.000000e-030 5.442808e-269 1.000000e-030 1.000000e-030 1.000000e-030 1.000000e-030 1.000000e-030 1.000000e-030 1.000000e-030 1.000000e-030 1.000000e-030 1.000000e-030 1.000000e-030 1.000000e-030 1.000000e-030 1.000000e-030 1.000000e-030 1.000000e-030 5.619916e-004 1.000000e-030 1.000000e-030 1.000000e-030 1.000000e-030 1.000000e-030 1.000000e-030 
1.000000e-030 2.886143e-002 4.439491e-001 1.000000e-030 8.324045e-002 1.000000e-030 1.000000e-030 1.000000e-030 1.109873e-001 1.000000e-030 1.000000e-030 2.774682e-002 1.000000e-030 1.000000e-030 1.000000e-030 1.000000e-030 1.000000e-030 1.000000e-030 1.000000e-030 1.000000e-030 1.000000e-030 8.324045e-002 1.109873e-001 2.774682e-002 2.774682e-002 1.637263e-298 1.000000e-030 1.000000e-030 1.000000e-030 5.549363e-002 1.000000e-030 1.000000e-030 
                             **************************************************************
Sample 13.......... 
P star:1.620416e-030 
 1   1   1   1   1   1   1   1   2   2   2   2   2   2   2   2   2   2   2   2   2   2   2   2   2   2   2   2   2   2   2   2   2   3   3   3   3   3   3   3   4   5   5   5   5   5   5   5   5   5   5   5   5   5   5   5   5   5   5   5  
Converged A matrix ......... 
0.921625 0.078375 0.000000 0.000000 0.000000 
0.000000 0.931487 0.068513 0.000000 0.000000 
0.000000 0.000000 0.920918 0.079082 0.000000 
0.000000 0.000000 0.000000 0.000000 1.000000 
0.000000 0.000000 0.000000 0.000000 1.000000 
Converged B matrix ......... 
1.000000e-030 1.370680e-001 8.042130e-001 1.000000e-030 1.000000e-030 1.000000e-030 1.000000e-030 1.000000e-030 1.000000e-030 5.871896e-002 1.000000e-030 1.000000e-030 1.000000e-030 1.000000e-030 1.000000e-030 1.000000e-030 1.000000e-030 1.000000e-030 1.000000e-030 1.000000e-030 1.000000e-030 1.000000e-030 1.000000e-030 1.000000e-030 1.000000e-030 1.000000e-030 1.000000e-030 1.000000e-030 1.000000e-030 1.000000e-030 1.000000e-030 1.000000e-030 
1.000000e-030 1.159092e-001 7.928904e-001 1.000000e-030 1.000000e-030 1.000000e-030 1.000000e-030 1.000000e-030 1.000000e-030 9.120037e-002 1.000000e-030 1.000000e-030 1.000000e-030 1.000000e-030 1.000000e-030 1.000000e-030 1.000000e-030 1.000000e-030 1.000000e-030 1.000000e-030 1.000000e-030 1.000000e-030 1.000000e-030 1.000000e-030 1.000000e-030 1.000000e-030 1.000000e-030 1.000000e-030 1.000000e-030 1.000000e-030 1.000000e-030 1.000000e-030 
1.000000e-030 1.233162e-001 7.248737e-001 1.000000e-030 1.000000e-030 1.000000e-030 1.000000e-030 1.000000e-030 1.000000e-030 1.518101e-001 1.000000e-030 1.000000e-030 1.000000e-030 1.000000e-030 1.000000e-030 1.000000e-030 1.000000e-030 1.000000e-030 1.000000e-030 1.000000e-030 1.000000e-030 1.000000e-030 1.000000e-030 1.000000e-030 1.000000e-030 1.000000e-030 1.000000e-030 1.000000e-030 1.000000e-030 1.000000e-030 1.000000e-030 1.000000e-030 
1.000000e-030 1.000000e-030 1.000000e-030 1.000000e-030 1.000000e-030 1.000000e-030 1.000000e-030 1.000000e-030 1.000000e-030 1.000000e-030 1.000000e-030 1.000000e-030 1.000000e-030 1.000000e-030 1.000000e-030 1.000000e-030 1.000000e-030 1.000000e-030 1.000000e-030 1.000000e-030 1.000000e-030 1.000000e-030 1.000000e-030 1.000000e-030 1.000000e-030 1.000000e-030 1.000000e-030 1.000000e-030 1.000000e-030 1.000000e+000 1.000000e-030 1.000000e-030 
1.000000e-030 1.000000e-030 1.052632e-001 1.000000e-030 5.263158e-002 1.000000e-030 1.000000e-030 1.000000e-030 1.000000e-030 1.000000e-030 1.000000e-030 5.263158e-002 1.000000e-030 1.000000e-030 1.000000e-030 1.000000e-030 1.000000e-030 1.000000e-030 2.631579e-001 1.000000e-030 1.000000e-030 5.263158e-002 1.052632e-001 3.684211e-001 1.000000e-030 1.000000e-030 1.000000e-030 1.000000e-030 1.000000e-030 1.000000e-030 1.000000e-030 1.000000e-030 
                             **************************************************************
Sample 14.......... 
P star:3.383067e-036 
 1   1   1   1   1   1   1   1   1   1   2   3   3   3   3   3   3   3   3   3   3   4   4   4   4   4   4   4   4   4   4   4   4   5   5   5   5   5   5   5   5   5   5   5   5   5   5   5   5   5   5   5   5   5   5   5   5   5   5   5  
Converged A matrix ......... 
0.900000 0.100000 0.000000 0.000000 0.000000 
0.000000 0.000000 1.000000 0.000000 0.000000 
0.000000 0.000000 0.900000 0.100000 0.000000 
0.000000 0.000000 0.000000 0.916667 0.083333 
0.000000 0.000000 0.000000 0.000000 1.000000 
Converged B matrix ......... 
1.000000e-030 2.000000e-001 8.000000e-001 1.000000e-030 1.000000e-030 1.000000e-030 1.000000e-030 1.000000e-030 1.000000e-030 1.000000e-030 1.000000e-030 1.000000e-030 1.000000e-030 1.000000e-030 1.000000e-030 1.000000e-030 1.000000e-030 1.000000e-030 1.000000e-030 1.000000e-030 1.000000e-030 1.000000e-030 1.000000e-030 1.000000e-030 1.000000e-030 1.000000e-030 1.000000e-030 1.000000e-030 1.000000e-030 1.000000e-030 1.000000e-030 1.000000e-030 
1.000000e-030 1.000000e-030 1.000000e-030 1.000000e-030 1.000000e-030 1.000000e-030 1.000000e-030 1.000000e-030 1.000000e-030 1.000000e-030 1.000000e-030 1.000000e+000 1.000000e-030 1.000000e-030 1.000000e-030 1.000000e-030 1.000000e-030 1.000000e-030 1.000000e-030 1.000000e-030 1.000000e-030 1.000000e-030 1.000000e-030 1.000000e-030 1.000000e-030 1.000000e-030 1.000000e-030 1.000000e-030 1.000000e-030 1.000000e-030 1.000000e-030 1.000000e-030 
1.000000e-030 1.000000e-030 1.000000e+000 1.000000e-030 1.000000e-030 1.000000e-030 1.000000e-030 1.000000e-030 2.446392e-244 1.000000e-030 1.000000e-030 1.000000e-030 1.000000e-030 1.000000e-030 1.000000e-030 1.000000e-030 1.000000e-030 1.000000e-030 1.000000e-030 1.000000e-030 1.000000e-030 1.000000e-030 1.000000e-030 2.076413e-215 1.000000e-030 1.000000e-030 1.000000e-030 1.000000e-030 1.000000e-030 1.087652e-020 1.000000e-030 1.000000e-030 
1.000000e-030 1.000000e-030 7.955034e-106 1.000000e-030 4.875592e-299 1.000000e-030 1.000000e-030 1.000000e-030 8.333333e-002 1.000000e-030 1.000000e-030 3.939874e-270 1.000000e-030 1.000000e-030 1.000000e-030 1.000000e-030 1.000000e-030 1.000000e-030 2.500000e-001 1.666667e-001 6.287163e-022 1.000000e-030 2.500000e-001 8.333333e-002 1.000000e-030 1.000000e-030 1.000000e-030 1.000000e-030 1.000000e-030 1.666667e-001 1.000000e-030 1.000000e-030 
1.000000e-030 7.407407e-002 3.703704e-001 3.703704e-002 7.407407e-002 1.000000e-030 1.000000e-030 1.000000e-030 1.000000e-030 3.703704e-002 1.000000e-030 2.592593e-001 1.000000e-030 1.000000e-030 1.000000e-030 1.000000e-030 1.000000e-030 1.000000e-030 1.260417e-182 1.000000e-030 1.111111e-001 1.000000e-030 1.034311e-077 3.703704e-002 1.000000e-030 1.000000e-030 1.000000e-030 1.000000e-030 1.000000e-030 1.000000e-030 1.000000e-030 1.000000e-030 
                             **************************************************************
Sample 15.......... 
P star:2.259820e-035 
 1   1   1   2   2   2   2   2   2   2   2   3   3   3   3   3   3   3   3   3   3   4   4   4   4   4   4   4   4   4   4   4   5   5   5   5   5   5   5   5   5   5   5   5   5   5   5   5   5   5   5   5   5   5   5   5   5   5   5   5  
Converged A matrix ......... 
0.792314 0.207686 0.000000 0.000000 0.000000 
0.000000 0.855133 0.144867 0.000000 0.000000 
0.000000 0.000000 0.895187 0.104813 0.000000 
0.000000 0.000000 0.000000 0.904414 0.095586 
0.000000 0.000000 0.000000 0.000000 1.000000 
Converged B matrix ......... 
1.000000e-030 1.692167e-001 6.230971e-001 2.076863e-001 1.000000e-030 1.000000e-030 1.000000e-030 1.000000e-030 1.000000e-030 4.719276e-034 1.000000e-030 1.000000e-030 1.000000e-030 1.000000e-030 1.000000e-030 1.000000e-030 1.000000e-030 1.000000e-030 1.000000e-030 1.000000e-030 1.000000e-030 1.000000e-030 1.000000e-030 1.000000e-030 1.000000e-030 1.000000e-030 1.000000e-030 1.000000e-030 1.000000e-030 1.000000e-030 1.000000e-030 1.000000e-030 
1.000000e-030 6.049008e-001 3.950992e-001 1.965100e-033 1.000000e-030 1.000000e-030 1.000000e-030 1.000000e-030 1.000000e-030 1.234321e-083 1.000000e-030 1.000000e-030 1.000000e-030 1.000000e-030 1.000000e-030 1.000000e-030 1.000000e-030 1.000000e-030 1.000000e-030 1.000000e-030 1.000000e-030 1.000000e-030 1.000000e-030 1.000000e-030 1.000000e-030 1.000000e-030 1.000000e-030 1.000000e-030 1.000000e-030 1.000000e-030 1.000000e-030 1.000000e-030 
1.000000e-030 1.147600e-002 5.692700e-001 2.453255e-231 1.000000e-030 1.000000e-030 1.000000e-030 1.000000e-030 1.000000e-030 4.192540e-001 1.000000e-030 1.000000e-030 1.000000e-030 1.000000e-030 1.000000e-030 1.000000e-030 1.000000e-030 1.000000e-030 1.000000e-030 1.000000e-030 1.000000e-030 1.000000e-030 1.000000e-030 1.000000e-030 1.000000e-030 1.000000e-030 1.000000e-030 1.000000e-030 1.000000e-030 2.942843e-278 1.000000e-030 1.000000e-030 
1.000000e-030 4.683923e-001 5.316077e-001 1.000000e-030 1.000000e-030 1.000000e-030 1.000000e-030 1.000000e-030 1.000000e-030 2.644477e-026 1.000000e-030 1.000000e-030 1.000000e-030 1.000000e-030 1.000000e-030 1.000000e-030 1.000000e-030 1.000000e-030 1.000000e-030 1.000000e-030 1.000000e-030 5.640300e-127 1.000000e-030 1.000000e-030 1.000000e-030 1.000000e-030 1.000000e-030 1.000000e-030 1.000000e-030 7.991927e-008 1.000000e-030 1.000000e-030 
1.000000e-030 1.465592e-162 1.866957e-001 7.072211e-002 1.060832e-001 1.000000e-030 1.000000e-030 1.000000e-030 1.000000e-030 1.000000e-030 1.000000e-030 3.536106e-002 1.000000e-030 1.000000e-030 1.000000e-030 1.000000e-030 1.000000e-030 1.000000e-030 1.000000e-030 1.000000e-030 1.000000e-030 4.596937e-001 3.536106e-002 3.536106e-002 1.000000e-030 1.000000e-030 1.000000e-030 1.000000e-030 1.000000e-030 7.072208e-002 1.000000e-030 1.000000e-030 
                             **************************************************************
Sample 16.......... 
P star:5.308498e-032 
 1   1   2   2   2   2   2   2   2   2   2   3   3   3   3   3   3   3   3   3   3   3   3   3   4   5   5   5   5   5   5   5   5   5   5   5   5   5   5   5   5   5   5   5   5   5   5   5   5   5   5   5   5   5   5   5   5   5   5   5  
Converged A matrix ......... 
0.670688 0.329312 0.000000 0.000000 0.000000 
0.000000 0.874425 0.125575 0.000000 0.000000 
0.000000 0.000000 0.849656 0.150344 0.000000 
0.000000 0.000000 0.000000 0.849591 0.150409 
0.000000 0.000000 0.000000 0.000000 1.000000 
Converged B matrix ......... 
1.000000e-030 6.706882e-001 3.293118e-001 1.000000e-030 1.406254e-306 1.000000e-030 1.000000e-030 1.000000e-030 1.000000e-030 1.000000e-030 1.000000e-030 1.000000e-030 1.000000e-030 1.000000e-030 1.000000e-030 1.000000e-030 1.000000e-030 1.000000e-030 1.000000e-030 1.000000e-030 1.000000e-030 1.899046e-306 1.000000e-030 1.000000e-030 1.000000e-030 1.000000e-030 1.000000e-030 1.000000e-030 1.000000e-030 1.000000e-030 1.000000e-030 1.000000e-030 
1.000000e-030 1.000000e+000 4.059037e-045 1.000000e-030 2.987706e-307 1.000000e-030 1.000000e-030 1.000000e-030 1.000000e-030 1.000000e-030 1.000000e-030 1.000000e-030 1.000000e-030 1.000000e-030 1.000000e-030 1.000000e-030 1.000000e-030 1.000000e-030 1.000000e-030 1.000000e-030 1.000000e-030 2.916056e-306 1.000000e-030 1.000000e-030 1.000000e-030 1.000000e-030 1.000000e-030 1.000000e-030 1.000000e-030 1.000000e-030 1.000000e-030 1.000000e-030 
1.000000e-030 4.424146e-079 1.000000e+000 1.000000e-030 4.962854e-297 1.000000e-030 1.000000e-030 1.000000e-030 1.000000e-030 1.000000e-030 1.000000e-030 1.000000e-030 1.000000e-030 1.000000e-030 1.000000e-030 1.000000e-030 1.000000e-030 1.000000e-030 1.000000e-030 1.000000e-030 1.000000e-030 3.970284e-296 1.000000e-030 1.000000e-030 1.000000e-030 1.000000e-030 1.000000e-030 1.000000e-030 1.000000e-030 1.000000e-030 1.000000e-030 1.000000e-030 
1.000000e-030 3.246184e-110 9.999675e-001 1.000000e-030 3.250886e-005 1.000000e-030 1.000000e-030 1.000000e-030 1.000000e-030 1.000000e-030 1.000000e-030 1.000000e-030 1.000000e-030 1.000000e-030 1.000000e-030 1.000000e-030 1.000000e-030 1.000000e-030 1.000000e-030 1.000000e-030 1.000000e-030 5.156803e-306 4.964990e-297 1.000000e-030 1.000000e-030 1.000000e-030 1.000000e-030 1.000000e-030 1.000000e-030 1.000000e-030 1.000000e-030 1.000000e-030 
1.000000e-030 5.530871e-146 3.837607e-001 1.000000e-030 8.402741e-002 2.801115e-002 1.000000e-030 1.000000e-030 1.000000e-030 2.801115e-002 1.000000e-030 2.801115e-002 1.000000e-030 1.000000e-030 1.000000e-030 1.000000e-030 1.000000e-030 1.000000e-030 1.000000e-030 1.000000e-030 1.000000e-030 2.801115e-001 8.403346e-002 1.000000e-030 5.602231e-002 2.801115e-002 1.000000e-030 1.000000e-030 1.000000e-030 1.000000e-030 1.000000e-030 1.000000e-030 
                             **************************************************************
Sample 17.......... 
P star:1.187437e-037 
 1   1   1   1   1   1   2   2   2   2   2   2   2   2   3   3   3   3   3   3   3   3   3   3   4   4   4   4   4   4   4   5   5   5   5   5   5   5   5   5   5   5   5   5   5   5   5   5   5   5   5   5   5   5   5   5   5   5   5   5  
Converged A matrix ......... 
0.829097 0.170903 0.000000 0.000000 0.000000 
0.000000 0.895752 0.104248 0.000000 0.000000 
0.000000 0.000000 0.855676 0.144324 0.000000 
0.000000 0.000000 0.000000 0.879390 0.120610 
0.000000 0.000000 0.000000 0.000000 1.000000 
Converged B matrix ......... 
1.000000e-030 1.000000e-030 8.097530e-001 2.936007e-054 1.000000e-030 1.000000e-030 1.000000e-030 1.000000e-030 7.515675e-287 1.709025e-001 1.000000e-030 1.934449e-002 1.000000e-030 1.000000e-030 1.000000e-030 1.000000e-030 1.000000e-030 1.000000e-030 1.000000e-030 1.000000e-030 1.000000e-030 2.285002e-316 1.000000e-030 1.000000e-030 1.000000e-030 1.000000e-030 1.000000e-030 1.000000e-030 1.000000e-030 8.130754e-228 1.000000e-030 1.000000e-030 
1.000000e-030 1.000000e-030 5.948073e-001 1.042481e-001 1.000000e-030 1.000000e-030 1.000000e-030 1.000000e-030 5.850445e-176 5.246391e-014 1.000000e-030 3.009445e-001 1.000000e-030 1.000000e-030 1.000000e-030 1.000000e-030 1.000000e-030 1.000000e-030 1.000000e-030 1.000000e-030 1.000000e-030 1.921718e-205 1.000000e-030 1.000000e-030 1.000000e-030 1.000000e-030 1.000000e-030 1.000000e-030 1.000000e-030 3.562199e-146 1.000000e-030 1.000000e-030 
1.000000e-030 1.000000e-030 1.000000e+000 1.000000e-030 1.000000e-030 1.000000e-030 1.000000e-030 1.000000e-030 2.465800e-146 8.051737e-028 1.000000e-030 1.516674e-072 1.000000e-030 1.000000e-030 1.000000e-030 1.000000e-030 1.000000e-030 1.000000e-030 1.000000e-030 1.000000e-030 1.000000e-030 1.583664e-175 1.000000e-030 1.000000e-030 1.000000e-030 1.000000e-030 1.000000e-030 1.000000e-030 1.000000e-030 5.963187e-198 1.000000e-030 1.000000e-030 
1.000000e-030 1.000000e-030 6.381709e-001 1.206097e-001 1.000000e-030 1.000000e-030 1.000000e-030 1.000000e-030 1.000000e-030 2.412194e-001 1.000000e-030 1.813958e-269 1.000000e-030 1.000000e-030 1.000000e-030 1.000000e-030 1.000000e-030 1.000000e-030 1.000000e-030 1.000000e-030 1.000000e-030 2.060640e-146 1.000000e-030 1.000000e-030 1.000000e-030 1.000000e-030 1.000000e-030 1.000000e-030 1.000000e-030 3.719611e-030 1.000000e-030 1.000000e-030 
1.000000e-030 3.408765e-002 2.841594e-001 1.959646e-073 3.408765e-002 1.000000e-030 1.000000e-030 1.000000e-030 3.408765e-002 2.151208e-175 1.000000e-030 1.022629e-001 1.000000e-030 1.000000e-030 1.000000e-030 1.000000e-030 1.000000e-030 1.000000e-030 1.000000e-030 1.000000e-030 1.000000e-030 2.727012e-001 3.408765e-002 3.408765e-002 1.000000e-030 1.000000e-030 1.000000e-030 1.000000e-030 1.000000e-030 1.363506e-001 3.408765e-002 1.000000e-030 
                             **************************************************************
Sample 18.......... 
P star:1.780069e-034 
 1   1   1   1   2   2   2   3   3   3   3   3   3   3   3   3   3   3   3   3   3   3   3   3   3   3   3   3   3   3   3   4   4   4   4   4   4   5   5   5   5   5   5   5   5   5   5   5   5   5   5   5   5   5   5   5   5   5   5   5  
Converged A matrix ......... 
0.750000 0.250000 0.000000 0.000000 0.000000 
0.000000 0.699975 0.300025 0.000000 0.000000 
0.000000 0.000000 0.957145 0.042855 0.000000 
0.000000 0.000000 0.000000 0.842088 0.157912 
0.000000 0.000000 0.000000 0.000000 1.000000 
Converged B matrix ......... 
1.000000e-030 1.000000e+000 5.961110e-021 3.245165e-204 1.000000e-030 1.000000e-030 1.000000e-030 1.000000e-030 1.000000e-030 1.000000e-030 1.000000e-030 1.000000e-030 1.000000e-030 1.000000e-030 1.000000e-030 1.000000e-030 1.000000e-030 1.000000e-030 1.000000e-030 1.000000e-030 1.000000e-030 1.000000e-030 1.000000e-030 1.000000e-030 1.000000e-030 1.000000e-030 1.000000e-030 1.000000e-030 1.000000e-030 1.000000e-030 1.000000e-030 1.000000e-030 
1.000000e-030 7.022651e-027 3.999507e-001 6.000493e-001 1.000000e-030 1.000000e-030 1.000000e-030 1.000000e-030 1.000000e-030 2.716667e-233 1.000000e-030 1.000000e-030 1.000000e-030 1.000000e-030 1.000000e-030 1.000000e-030 1.000000e-030 1.000000e-030 1.000000e-030 1.000000e-030 1.000000e-030 1.000000e-030 1.000000e-030 1.000000e-030 1.000000e-030 1.000000e-030 1.000000e-030 1.000000e-030 1.000000e-030 1.000000e-030 1.000000e-030 1.000000e-030 
1.000000e-030 3.714429e-001 5.857018e-001 3.088773e-026 1.744031e-177 1.000000e-030 1.000000e-030 1.000000e-030 1.000000e-030 4.285537e-002 1.000000e-030 1.000000e-030 1.000000e-030 1.000000e-030 1.000000e-030 1.000000e-030 1.000000e-030 1.000000e-030 1.000000e-030 1.000000e-030 1.000000e-030 1.000000e-030 1.000000e-030 1.000000e-030 1.000000e-030 1.000000e-030 1.000000e-030 1.000000e-030 1.000000e-030 1.000000e-030 1.000000e-030 1.000000e-030 
1.000000e-030 2.104400e-001 7.010305e-100 1.579120e-001 1.579120e-001 1.000000e-030 1.000000e-030 1.000000e-030 4.737360e-001 1.000000e-030 1.000000e-030 1.000000e-030 1.000000e-030 1.000000e-030 1.000000e-030 1.000000e-030 1.000000e-030 1.000000e-030 1.000000e-030 1.000000e-030 1.000000e-030 1.000000e-030 4.708006e-135 1.000000e-030 1.000000e-030 1.000000e-030 1.000000e-030 1.000000e-030 1.000000e-030 1.000000e-030 1.000000e-030 1.000000e-030 
1.000000e-030 2.044529e-293 3.478261e-001 8.695652e-002 2.975787e-264 1.000000e-030 4.347826e-002 1.000000e-030 9.077639e-080 4.347826e-002 1.000000e-030 8.695652e-002 1.000000e-030 1.000000e-030 1.000000e-030 1.000000e-030 1.000000e-030 1.000000e-030 1.000000e-030 1.000000e-030 1.000000e-030 1.000000e-030 3.043478e-001 8.695652e-002 1.000000e-030 1.000000e-030 1.000000e-030 1.000000e-030 1.000000e-030 1.000000e-030 1.000000e-030 1.000000e-030 
                             **************************************************************
Sample 19.......... 
P star:1.298773e-031 
 1   1   1   1   1   1   2   2   2   2   2   2   2   2   2   2   2   2   2   2   2   2   2   2   3   3   4   4   4   4   4   4   4   4   4   4   4   4   4   4   4   4   4   5   5   5   5   5   5   5   5   5   5   5   5   5   5   5   5   5  
Converged A matrix ......... 
0.848808 0.151192 0.000000 0.000000 0.000000 
0.000000 0.914599 0.085401 0.000000 0.000000 
0.000000 0.000000 0.913150 0.086850 0.000000 
0.000000 0.000000 0.000000 0.926006 0.073994 
0.000000 0.000000 0.000000 0.000000 1.000000 
Converged B matrix ......... 
1.000000e-030 6.047662e-001 3.952338e-001 2.034608e-106 1.000000e-030 1.000000e-030 1.000000e-030 1.000000e-030 1.000000e-030 1.705577e-239 1.000000e-030 2.527996e-272 1.000000e-030 1.000000e-030 1.000000e-030 1.000000e-030 1.000000e-030 1.000000e-030 1.000000e-030 1.000000e-030 1.000000e-030 1.000000e-030 1.000000e-030 1.000000e-030 1.000000e-030 1.000000e-030 1.000000e-030 1.000000e-030 1.000000e-030 1.000000e-030 1.000000e-030 1.000000e-030 
1.000000e-030 2.217337e-032 9.399731e-001 6.002692e-002 1.000000e-030 1.000000e-030 1.000000e-030 1.000000e-030 1.000000e-030 1.716352e-034 1.000000e-030 1.801831e-159 1.000000e-030 1.000000e-030 1.000000e-030 1.000000e-030 1.000000e-030 1.000000e-030 1.000000e-030 1.000000e-030 1.000000e-030 1.000000e-030 1.000000e-030 1.000000e-030 1.000000e-030 1.000000e-030 1.000000e-030 1.000000e-030 1.000000e-030 1.000000e-030 1.000000e-030 1.000000e-030 
1.000000e-030 2.836185e-206 8.189424e-001 1.126547e-001 1.000000e-030 1.000000e-030 1.000000e-030 1.000000e-030 1.000000e-030 6.840298e-002 1.000000e-030 3.596316e-045 1.000000e-030 1.000000e-030 1.000000e-030 1.000000e-030 1.000000e-030 1.000000e-030 1.000000e-030 1.000000e-030 1.000000e-030 1.000000e-030 1.000000e-030 1.000000e-030 1.000000e-030 1.000000e-030 1.000000e-030 1.000000e-030 1.000000e-030 1.000000e-030 1.000000e-030 1.000000e-030 
1.000000e-030 1.000000e-030 8.061617e-001 9.126173e-030 1.000000e-030 1.000000e-030 1.000000e-030 1.000000e-030 1.000000e-030 8.971061e-002 1.000000e-030 7.399407e-002 1.000000e-030 1.000000e-030 1.000000e-030 1.000000e-030 1.000000e-030 1.000000e-030 1.000000e-030 1.247830e-307 1.000000e-030 1.000000e-030 1.000000e-030 7.268591e-176 1.000000e-030 1.000000e-030 1.000000e-030 1.000000e-030 1.000000e-030 3.013364e-002 1.000000e-030 1.000000e-030 
1.000000e-030 1.000000e-030 6.336863e-002 1.000000e-030 1.000000e-030 1.000000e-030 1.000000e-030 1.000000e-030 1.000000e-030 1.298257e-255 1.000000e-030 6.006837e-002 1.000000e-030 1.000000e-030 1.000000e-030 1.000000e-030 1.000000e-030 1.000000e-030 1.201367e-001 1.802051e-001 6.006837e-002 6.006837e-002 1.802051e-001 1.201367e-001 1.201367e-001 1.000000e-030 1.000000e-030 1.000000e-030 1.000000e-030 3.560588e-002 1.000000e-030 1.000000e-030 
                             **************************************************************
Sample 20.......... 
P star:2.184832e-031 
 1   1   1   1   1   1   1   2   2   2   2   2   2   2   2   2   2   2   2   2   2   2   3   3   3   3   3   3   3   4   4   4   4   4   4   4   4   4   4   4   4   5   5   5   5   5   5   5   5   5   5   5   5   5   5   5   5   5   5   5  
Converged A matrix ......... 
0.859167 0.140833 0.000000 0.000000 0.000000 
0.000000 0.930695 0.069305 0.000000 0.000000 
0.000000 0.000000 0.846226 0.153774 0.000000 
0.000000 0.000000 0.000000 0.922883 0.077117 
0.000000 0.000000 0.000000 0.000000 1.000000 
Converged B matrix ......... 
1.000000e-030 1.000000e-030 6.484216e-001 1.000000e-030 1.000000e-030 1.000000e-030 1.000000e-030 1.000000e-030 1.000000e-030 1.000000e-030 1.000000e-030 2.373629e-001 1.000000e-030 1.000000e-030 1.000000e-030 1.000000e-030 1.000000e-030 1.000000e-030 1.000000e-030 1.000000e-030 1.000000e-030 1.000000e-030 1.000000e-030 1.000000e-030 1.000000e-030 1.000000e-030 1.000000e-030 1.142156e-001 1.000000e-030 1.000000e-030 1.000000e-030 1.000000e-030 
1.000000e-030 1.000000e-030 8.937322e-001 1.000000e-030 1.000000e-030 1.000000e-030 1.000000e-030 1.000000e-030 1.000000e-030 1.000000e-030 1.000000e-030 2.386461e-002 1.000000e-030 1.000000e-030 1.000000e-030 1.000000e-030 1.000000e-030 1.000000e-030 1.000000e-030 1.000000e-030 1.000000e-030 1.000000e-030 1.000000e-030 1.000000e-030 1.000000e-030 1.000000e-030 1.000000e-030 8.240315e-002 1.000000e-030 1.000000e-030 1.000000e-030 1.000000e-030 
1.000000e-030 1.000000e-030 3.458585e-001 1.000000e-030 1.000000e-030 1.000000e-030 1.000000e-030 1.000000e-030 1.000000e-030 1.000000e-030 1.000000e-030 6.541415e-001 1.000000e-030 1.000000e-030 1.000000e-030 1.000000e-030 1.000000e-030 1.000000e-030 1.000000e-030 1.000000e-030 1.000000e-030 1.000000e-030 1.000000e-030 1.000000e-030 1.000000e-030 1.000000e-030 1.000000e-030 6.615796e-149 1.000000e-030 1.000000e-030 1.000000e-030 1.000000e-030 
1.000000e-030 1.000000e-030 8.676424e-001 1.000000e-030 1.000000e-030 1.000000e-030 1.000000e-030 1.000000e-030 1.000000e-030 1.000000e-030 1.000000e-030 1.323576e-001 1.000000e-030 1.000000e-030 1.000000e-030 1.000000e-030 1.000000e-030 1.000000e-030 1.000000e-030 1.000000e-030 1.000000e-030 1.000000e-030 1.000000e-030 1.000000e-030 1.000000e-030 1.000000e-030 1.000000e-030 1.843593e-194 1.000000e-030 1.000000e-030 1.000000e-030 2.314153e-037 
1.000000e-030 1.000000e-030 1.631859e-117 1.000000e-030 1.000000e-030 1.000000e-030 1.000000e-030 1.000000e-030 1.000000e-030 1.000000e-030 1.000000e-030 5.263158e-002 1.000000e-030 1.000000e-030 1.000000e-030 5.263158e-002 1.000000e-030 1.000000e-030 1.052632e-001 1.000000e-030 1.052632e-001 2.631579e-001 1.052632e-001 1.000000e-030 1.052632e-001 1.000000e-030 1.000000e-030 1.000000e-030 1.000000e-030 5.263158e-002 1.000000e-030 1.578947e-001 
                             **************************************************************
